1	1
10	8
100	6
1000	449
10000	36
10000002	1
10000017	1
10000023	1
1000003	11
10000038	1
10000044	1
10000050	1
10000059	1
10000065	1
10000071	1
10000086	1
10000092	2
10000104	1
10000110	2
10000119	1
10000125	1
10000131	1
10000146	1
10000152	1
10000167	1
10000173	1
1000018	7
10000188	1
10000194	1
100002	13
10000206	2
10000212	1
10000227	1
10000233	1
1000024	7
10000248	1
10000254	1
10000260	1
10000269	1
10000275	1
10000281	2
10000296	1
1000030	1
10000308	1
10000314	1
10000320	1
10000329	2
10000335	3
10000341	4
10000356	1
10000362	1
10000377	1
10000383	1
1000039	17
10000398	2
10000401	1
10000416	1
10000422	2
10000437	2
10000443	1
1000045	2
10000458	3
10000464	2
10000470	2
10000479	3
10000485	3
10000491	4
10000503	3
1000051	312
10000518	1
10000524	1
10000530	1
10000539	1
10000545	1
10000551	1
10000566	1
10000572	1
10000587	1
10000593	1
10000605	2
10000611	1
10000626	3
10000632	1
10000647	1
10000653	1
1000066	38
10000668	1
10000674	1
10000680	1
10000689	2
10000695	1
10000707	5
10000713	2
1000072	9
10000728	2
10000734	1
10000740	1
10000749	1
10000755	1
10000761	1
10000776	2
10000782	1
10000797	1
10000800	1
10000809	1
10000815	5
10000821	1
10000836	1
10000842	2
10000857	1
10000863	1
1000087	3
10000878	1
10000884	1
10000890	1
10000899	1
10000902	3
10000917	1
10000923	1
1000093	11
10000938	2
10000944	1
10000950	1
10000959	1
10000965	1
10000971	1
10000986	3
10000992	1
10001001	1
10001016	2
10001022	2
10001037	1
10001043	1
1000105	43
10001058	1
10001064	1
10001070	1
10001079	1
10001085	1
10001091	1
10001103	1
1000111	12
10001118	1
10001124	1
10001130	6
10001139	1
10001145	1
10001151	7
10001166	1
10001172	1
10001187	1
10001193	1
10001205	1
10001211	1
10001226	1
10001232	2
10001247	1
10001253	2
10001268	1
10001274	1
10001280	1
10001289	1
10001295	1
10001307	1
10001313	1
1000132	1
10001328	1
10001334	1
10001340	1
10001349	1
10001355	1
10001361	1
10001376	1
10001382	1
10001397	2
10001400	1
10001409	2
10001415	2
10001421	4
10001436	1
10001442	2
10001457	1
10001463	2
1000147	10
10001478	1
10001484	4
10001490	1
10001499	3
10001502	2
10001517	2
10001523	1
1000153	8
10001538	1
10001544	1
10001550	1
10001559	4
10001565	1
10001571	1
10001586	1
10001592	1
10001604	1
10001610	1
10001619	2
10001625	1
10001631	1
10001646	1
10001652	1
10001667	1
10001673	1
1000168	10
10001688	1
10001694	1
10001706	1
10001712	2
10001727	1
10001733	1
1000174	10
10001748	1
10001754	2
10001760	2
10001769	1
10001775	1
10001781	1
10001796	1
1000180	6
10001808	1
10001814	2
10001820	1
10001829	1
10001835	1
10001841	2
10001856	1
10001862	1
10001877	1
10001883	1
1000189	3
10001898	1
10001901	3
10001916	1
10001922	1
10001937	1
10001943	6
1000195	51
10001958	2
10001964	1
10001970	1
10001979	1
10001985	1
10001991	1
10002000	1
10002009	1
10002015	1
10002021	1
10002036	1
10002042	1
10002057	2
10002063	1
1000207	12
10002078	2
10002084	1
10002090	1
10002099	1
10002102	1
10002117	1
10002123	1
1000213	1
10002138	1
10002144	1
10002150	1
10002159	1
10002165	3
10002186	1
10002192	1
10002204	2
10002210	1
10002219	1
10002225	1
10002231	2
10002246	4
10002252	2
10002267	1
10002273	1
1000228	2
10002288	1
10002294	1
100023	6
10002306	1
10002312	1
10002327	1
10002333	1
1000234	10
10002348	2
10002354	1
10002360	1
10002369	1
10002375	1
10002381	1
10002396	1
1000240	6
10002408	1
10002414	1
10002420	1
10002429	1
10002435	1
10002441	1
10002456	1
10002462	1
10002477	1
10002483	1
1000249	1
10002498	1
10002501	1
10002516	1
10002522	1
10002537	1
10002543	2
1000255	71
10002558	1
10002564	1
10002570	1
10002579	1
10002585	2
10002591	1
10002603	2
1000261	16
10002618	2
10002624	1
10002630	1
10002639	2
10002645	1
10002651	1
10002666	1
10002672	1
10002687	1
10002693	1
10002705	1
10002711	1
10002726	1
10002732	1
10002747	1
10002753	1
10002768	3
10002774	1
10002780	1
10002789	1
10002795	1
10002807	2
10002813	7
1000282	4
10002828	2
10002834	2
10002840	2
10002849	1
10002855	2
10002861	2
10002876	2
10002882	2
10002897	2
10002900	3
10002909	2
10002915	2
10002921	1
10002936	1
10002942	1
10002957	1
10002963	1
1000297	7
10002978	2
10002984	1
10002990	1
10002999	1
1000300	4
10003008	1
10003014	1
10003020	2
10003029	1
10003035	1
10003041	1
10003056	3
10003062	1
10003077	1
10003083	1
1000309	13
10003098	1
10003101	1
10003116	1
10003122	4
10003137	1
10003143	1
1000315	4
10003158	1
10003164	1
10003170	1
10003179	1
10003185	1
10003191	2
10003203	1
1000321	31
10003218	1
10003224	1
10003230	1
10003239	1
10003245	1
10003251	1
10003266	2
10003272	1
10003287	1
10003293	1
10003305	1
10003311	1
10003326	1
10003332	1
10003347	1
10003353	1
10003368	1
10003374	1
10003380	1
10003389	1
10003395	1
10003407	2
10003413	1
1000342	2
10003428	1
10003434	2
10003440	1
10003449	1
10003455	2
10003461	4
10003476	1
10003482	1
10003497	1
10003500	1
10003509	1
10003515	2
10003521	1
10003536	1
10003542	1
10003557	1
10003563	1
1000357	2
10003578	1
10003584	1
10003590	3
10003599	1
10003602	1
10003617	1
10003623	1
1000363	2
10003638	1
10003644	1
10003650	1
10003665	1
10003671	1
10003686	1
10003692	1
10003704	1
10003710	1
10003719	1
10003725	1
10003731	1
10003746	1
10003752	1
10003767	1
10003773	1
1000378	141
10003788	1
10003794	2
10003806	4
10003812	7
10003827	1
10003833	2
1000384	81
10003848	3
10003854	2
10003860	1
10003869	1
10003875	1
10003881	2
10003896	3
1000390	1
10003908	1
10003914	1
10003920	2
10003929	1
10003935	3
10003941	1
10003956	1
10003962	1
10003977	1
10003983	1
10003998	1
10004007	1
10004013	2
10004028	1
10004034	1
10004040	1
10004049	1
10004055	1
10004061	1
10004076	1
10004082	1
10004097	1
10004100	1
10004109	1
10004115	1
10004121	1
10004136	2
10004142	1
10004157	3
10004163	1
1000417	7
10004178	1
10004184	1
10004190	1
10004199	1
10004202	1
10004217	1
10004223	1
1000423	127
10004238	1
10004244	1
10004250	1
10004259	1
10004265	1
10004271	1
10004286	1
10004292	1
10004304	1
10004310	1
10004319	1
10004325	1
10004331	1
10004346	1
10004352	1
10004367	1
10004373	1
1000438	1
10004388	1
10004394	1
100044	3
10004406	1
10004412	1
10004427	1
10004433	1
1000444	1
10004448	1
10004454	1
10004460	1
10004469	1
10004475	1
10004481	1
10004496	1
1000450	2
10004508	1
10004514	1
10004520	1
10004529	1
10004535	1
10004541	1
10004556	1
10004562	1
10004577	1
10004583	1
1000459	7
10004598	1
10004601	1
10004616	1
10004622	1
10004637	1
10004643	1
1000465	43
10004658	1
10004664	1
10004670	1
10004679	14
10004685	1
10004691	1
10004703	1
10004718	1
10004724	1
10004730	2
10004739	1
10004745	1
10004751	1
10004766	1
10004772	1
10004787	1
10004793	1
10004805	2
10004811	1
10004826	3
10004832	1
10004847	1
10004853	2
1000486	2
10004868	3
10004874	1
10004880	1
10004889	2
10004895	1
10004907	3
10004913	1
1000492	4
10004928	1
10004934	1
10004940	1
10004949	1
10004955	3
10004961	1
10004976	2
10004982	1
10004997	3
100050	53
10005006	1
10005012	1
10005027	2
10005033	1
1000504	1
10005048	1
10005054	1
10005060	1
10005069	2
10005075	2
10005081	2
10005096	1
10005108	1
10005114	1
10005120	1
10005129	1
10005135	1
10005141	1
10005156	1
10005162	1
10005177	1
10005183	1
1000519	2
10005198	1
10005201	1
10005216	1
10005222	1
10005237	1
10005243	1
1000525	1
10005258	1
10005264	1
10005270	2
10005279	1
10005285	1
10005291	1
10005303	1
1000531	2
10005318	1
10005324	2
10005330	1
10005339	1
10005345	4
10005351	3
10005366	5
10005372	7
10005387	1
10005393	1
10005405	1
10005411	2
10005426	2
10005432	1
10005447	1
10005453	1
10005468	1
10005474	2
10005480	1
10005489	1
10005495	2
10005507	1
10005513	4
1000552	1
10005528	1
10005534	1
10005540	1
10005549	1
10005555	2
10005561	1
10005576	1
10005582	3
10005597	1
10005600	1
10005609	1
10005615	1
10005621	2
10005636	1
10005642	1
10005657	1
10005663	2
1000567	5
10005678	1
10005684	2
10005690	1
10005699	1
10005702	1
10005717	1
10005723	1
1000573	1
10005738	1
10005744	1
10005750	1
10005759	1
10005765	1
10005771	1
10005786	1
10005792	1
10005804	1
10005810	1
10005819	1
10005825	1
10005831	1
10005846	1
10005852	1
10005867	1
10005873	1
1000588	5
10005888	1
10005894	1
10005906	1
10005912	1
10005927	3
10005933	1
1000594	4
10005948	1
10005954	4
10005960	1
10005969	2
10005975	2
10005981	1
10005996	1
10006005	3
10006011	1
10006026	3
10006032	1
10006047	1
10006053	1
1000606	1
10006068	1
10006074	1
10006080	1
10006089	1
10006095	1
10006107	1
10006113	1
1000612	1
10006128	1
10006134	1
10006140	1
10006149	3
10006155	1
10006161	1
10006176	1
10006182	1
10006197	1
10006200	1
10006209	1
10006215	3
10006221	1
10006236	1
10006242	1
10006257	1
10006263	2
1000627	29
10006278	1
10006284	1
10006290	1
10006299	1
10006302	1
10006317	1
10006323	1
10006338	1
10006344	1
10006350	1
10006359	1
10006365	1
10006371	1
10006386	1
10006392	15
10006404	2
10006410	2
10006419	1
10006425	1
10006431	1
10006446	1
10006452	1
10006467	1
10006473	1
1000648	1
10006488	1
10006494	2
100065	40
10006506	1
10006512	1
10006527	1
10006533	1
10006548	1
10006554	1
10006560	1
10006569	1
10006575	3
10006581	1
10006596	2
1000660	41
10006608	1
10006614	1
10006620	1
10006629	1
10006635	1
10006641	1
10006656	1
10006662	1
10006677	1
10006683	3
10006698	1
10006701	1
10006716	1
10006722	1
10006737	2
10006743	1
1000675	21
10006758	1
10006764	1
10006770	1
10006779	1
10006785	1
10006791	1
10006803	1
1000681	8
10006818	1
10006824	1
10006830	1
10006839	1
10006845	1
10006851	1
10006866	1
10006872	2
10006887	1
10006893	1
10006905	2
10006911	1
10006926	3
10006932	4
10006947	4
10006953	6
10006968	1
10006974	1
10006980	1
10006989	1
10006995	1
10007004	3
10007010	1
10007019	1
10007025	1
10007031	1
10007046	1
10007052	1
10007067	1
10007073	1
1000708	6
10007088	1
10007094	2
100071	14
10007106	2
10007112	1
10007127	1
10007133	1
1000714	50
10007148	1
10007154	3
10007160	1
10007169	1
10007175	1
10007181	1
1000720	5
10007208	1
10007214	1
10007220	2
10007229	3
10007235	1
10007241	1
10007256	1
10007262	1
10007277	2
10007283	3
10007298	1
10007301	1
10007316	1
10007322	1
10007337	1
10007343	1
1000735	1
10007358	1
10007364	2
10007370	3
10007379	1
10007385	1
10007391	1
10007403	1
1000741	4
10007418	1
10007424	1
10007430	1
10007439	1
10007445	1
10007451	1
10007466	1
10007472	1
10007487	2
10007493	1
10007505	1
10007511	1
10007526	1
10007532	1
10007553	2
1000756	18
10007568	2
10007574	1
10007580	2
10007589	2
10007595	1
10007607	1
10007613	1
10007628	1
10007634	2
10007640	1
10007649	3
10007655	1
10007661	1
10007676	1
10007682	1
10007697	1
10007700	5
10007709	1
10007715	1
10007721	1
10007736	1
10007742	1
10007757	1
10007763	1
1000777	2
10007778	2
10007784	1
10007790	1
10007799	1
10007802	2
10007817	2
10007823	1
10007838	3
10007844	1
10007850	1
10007859	1
10007865	1
10007871	1
10007886	4
10007892	1
10007904	1
10007910	2
10007919	1
10007925	1
10007931	3
10007946	1
10007952	4
10007967	2
10007973	1
1000798	2
10007988	1
10007994	2
10008003	1
1000801	487
10008018	1
10008024	1
10008030	1
10008039	1
10008045	3
10008051	1
10008066	1
10008072	1
10008087	1
10008093	1
10008105	1
10008111	1
10008126	1
10008132	1
10008147	1
10008153	1
1000816	5
10008168	1
10008174	1
10008180	1
10008189	1
10008195	1
10008207	1
10008213	2
1000822	2
10008228	1
10008234	1
10008240	1
