100000	91
10000000	1
10000009	1
1000001	12
10000015	2
10000021	4
10000036	1
10000042	1
10000057	1
10000063	1
10000078	1
10000084	1
10000090	1
10000099	1
10000102	1
10000117	1
10000123	1
10000138	1
10000144	1
10000150	1
10000159	1
1000016	7
10000165	1
10000171	3
10000186	1
10000192	1
10000204	1
10000210	2
10000219	1
1000022	3
10000225	2
10000231	1
10000246	1
10000252	1
10000267	1
10000273	1
10000288	1
10000294	1
10000306	1
10000312	1
10000327	2
10000333	3
10000348	1
10000354	1
10000360	2
10000369	1
1000037	10
10000375	1
10000381	1
10000396	1
10000408	1
10000414	1
10000420	1
10000429	2
1000043	7
10000435	2
10000441	1
10000456	1
10000462	2
10000477	2
10000483	4
10000498	4
10000501	5
10000516	1
10000522	1
10000537	1
10000543	1
10000558	1
10000564	1
10000570	1
10000579	1
10000585	1
10000591	1
10000603	2
10000618	1
10000624	1
10000630	1
10000639	1
1000064	2
10000645	2
10000651	1
10000666	1
10000672	1
10000687	1
10000693	1
1000070	12
10000705	3
10000711	3
10000726	1
10000732	1
10000747	1
10000753	1
10000768	2
10000774	2
10000780	1
10000789	1
10000795	1
10000807	1
10000813	1
10000828	1
10000834	2
10000840	5
10000849	1
1000085	1
10000855	1
10000861	2
10000876	1
10000882	1
10000897	1
100009	2
10000900	1
10000909	1
1000091	2
10000915	1
10000921	1
10000936	1
10000942	1
10000957	1
10000963	1
10000978	2
10000984	1
10000990	1
10000999	1
10001008	1
10001014	1
10001020	2
10001029	1
1000103	15
10001035	1
10001041	1
10001056	1
10001062	1
10001077	3
10001083	1
10001098	1
10001101	1
10001116	1
10001122	1
10001137	8
10001143	3
10001158	1
10001164	1
10001170	1
10001179	1
1000118	17
10001185	1
10001191	1
10001203	1
10001218	1
10001224	1
10001230	1
10001239	1
1000124	4
10001245	1
10001251	1
10001266	1
10001272	1
10001287	1
10001293	1
1000130	62
10001305	1
10001311	1
10001326	1
10001332	1
10001347	1
10001353	1
10001368	1
10001374	1
10001380	1
10001389	1
1000139	5
10001395	1
10001407	2
10001413	1
10001428	2
10001434	1
10001440	3
10001449	2
1000145	7
10001455	1
10001461	1
10001476	1
10001482	1
10001497	2
100015	3
10001500	1
10001509	1
1000151	5
10001515	1
10001521	1
10001536	1
10001542	1
10001557	4
10001563	1
10001578	1
10001584	1
10001590	1
10001599	1
10001602	1
10001617	2
10001623	1
10001638	1
10001644	1
10001650	1
10001659	1
1000166	27
10001665	1
10001671	2
10001686	1
10001692	1
10001704	3
10001710	1
10001719	1
1000172	1
10001725	1
10001731	1
10001746	1
10001752	1
10001767	1
10001773	1
10001788	1
10001794	1
10001806	1
10001812	2
10001827	1
10001833	1
10001848	1
10001854	1
10001860	1
10001869	2
1000187	8
10001875	1
10001881	1
10001896	1
10001908	3
10001914	1
10001920	1
10001929	1
1000193	12
10001935	1
10001941	1
10001956	1
10001962	2
10001977	1
10001983	2
10001998	1
10002007	1
10002013	1
10002028	1
10002034	1
10002040	1
10002049	1
1000205	35
10002055	1
10002061	2
10002076	1
10002082	1
10002097	1
100021	2
10002100	1
10002109	1
10002115	1
10002121	2
10002136	1
10002142	1
10002157	1
10002163	1
10002178	8
10002184	1
10002190	1
10002199	1
10002202	1
10002217	1
10002223	1
10002238	3
10002244	1
10002250	1
10002259	1
10002265	1
10002271	1
10002286	1
10002292	1
10002304	1
10002310	1
10002319	1
1000232	8
10002325	1
10002331	1
10002346	1
10002352	2
10002367	1
10002373	1
10002388	1
10002394	1
10002406	1
10002412	1
10002427	1
10002433	1
10002448	1
10002454	1
10002460	1
10002469	1
1000247	3
10002475	1
10002481	2
10002496	1
10002508	1
10002514	1
10002520	1
10002529	1
1000253	1
10002535	1
10002541	1
10002556	1
10002562	1
10002577	1
10002583	1
10002598	1
10002601	1
10002616	1
10002622	1
10002637	1
10002643	1
10002658	1
10002664	1
10002670	1
10002679	1
1000268	39
10002685	1
10002691	1
10002703	1
10002718	1
10002724	1
10002730	1
10002739	1
10002745	1
10002751	1
10002766	1
10002772	1
10002787	1
10002793	1
10002805	2
10002811	2
10002826	1
10002832	2
10002847	2
10002853	2
10002868	1
10002874	2
10002880	2
10002889	1
1000289	2
10002895	2
10002907	2
10002913	2
10002928	1
10002934	1
10002940	1
10002949	1
1000295	5
10002955	1
10002961	1
10002976	1
10002982	1
10002997	1
10003006	1
10003012	3
10003027	1
10003033	2
10003048	1
10003054	2
10003060	2
10003069	1
10003075	1
10003081	1
10003096	1
10003108	1
10003114	1
10003120	1
10003129	1
1000313	7
10003135	1
10003141	1
10003156	1
10003162	1
10003177	1
10003183	2
10003198	5
10003201	2
10003216	1
10003222	1
10003237	1
10003243	1
10003258	1
10003264	1
10003270	1
10003279	1
1000328	1
10003285	1
10003291	1
10003303	1
10003318	1
10003324	1
10003330	1
10003339	1
10003345	1
10003351	1
10003366	1
10003372	1
10003387	1
10003393	2
10003405	2
10003411	1
10003426	1
10003432	1
10003447	1
10003453	1
10003468	1
10003474	1
10003480	4
10003489	1
1000349	4
10003495	1
10003507	1
10003513	1
10003528	1
10003534	1
10003540	1
10003549	1
10003555	1
10003561	1
10003576	1
10003582	1
10003597	1
100036	2
10003600	1
10003609	2
1000361	2
10003615	1
10003621	1
10003642	1
10003657	1
10003663	1
10003678	1
10003684	1
10003690	1
10003699	1
10003702	1
10003717	1
10003723	1
10003738	1
10003744	1
10003750	1
10003759	1
1000376	26
10003765	1
10003771	1
10003786	1
10003792	1
10003804	4
10003810	2
10003819	1
1000382	1
10003825	2
10003831	1
10003846	1
10003852	1
10003867	2
10003873	1
10003888	1
10003894	1
10003912	1
10003927	1
10003933	1
10003948	1
10003954	2
10003960	1
10003969	1
10003975	1
10003981	2
10003996	1
1000400	1
10004005	1
10004011	1
10004026	1
10004032	1
10004047	1
10004053	1
10004068	1
10004074	1
10004080	1
10004089	1
1000409	2
10004095	1
10004107	1
10004113	1
10004128	2
10004134	2
10004140	2
10004149	1
1000415	1
10004155	1
10004161	1
10004176	1
10004182	1
10004197	1
100042	3
10004200	2
10004209	1
1000421	5
10004215	1
10004221	1
10004236	1
10004242	1
10004257	1
10004263	1
10004278	1
10004284	1
10004290	2
10004299	1
10004302	1
10004317	1
10004323	1
10004338	1
10004344	1
10004350	1
10004359	1
1000436	3
10004365	1
10004371	1
10004386	1
10004392	2
10004404	1
10004410	1
10004419	1
1000442	3
10004425	1
10004431	1
10004446	1
10004452	1
10004467	1
10004473	1
10004488	1
10004494	1
10004506	1
10004512	1
10004527	1
10004533	1
10004548	1
10004554	1
10004560	1
10004569	1
1000457	73
10004575	1
10004581	1
10004596	1
10004608	1
10004614	1
10004620	1
10004629	1
1000463	1
10004635	1
10004641	1
10004656	1
10004662	1
10004677	1
10004683	1
10004698	1
10004701	1
10004716	1
10004722	1
10004737	1
10004743	2
10004758	1
10004764	1
10004770	1
10004779	1
1000478	2
10004785	1
10004791	1
10004803	1
10004818	3
10004824	1
10004830	2
10004839	1
1000484	1
10004845	1
10004851	2
10004866	1
10004872	1
10004887	1
10004893	1
1000490	3
10004905	1
10004911	3
10004926	2
10004932	1
10004947	1
10004953	1
10004968	1
10004974	3
10004980	1
10004989	1
1000499	1
10004995	1
10005004	1
10005010	1
10005019	1
1000502	15
10005025	1
10005031	1
10005046	3
10005052	2
10005067	1
10005073	3
10005088	1
10005094	2
10005106	1
10005112	1
10005127	1
10005133	4
10005148	1
10005154	1
10005160	1
10005169	1
1000517	5
10005175	1
10005181	1
10005196	1
10005208	1
10005214	2
10005220	1
10005229	2
1000523	1
10005235	1
10005241	1
10005256	1
10005262	2
10005277	1
10005283	1
10005298	1
10005301	1
10005316	1
10005322	1
10005337	1
10005343	1
10005358	3
10005364	7
10005370	1
10005379	2
1000538	1
10005385	1
10005391	1
10005403	4
10005418	1
10005424	4
10005430	1
10005439	2
10005445	2
10005451	1
10005466	1
10005472	3
10005487	1
10005493	2
10005505	2
10005511	1
10005526	1
10005532	1
10005547	2
10005553	1
10005568	1
10005574	1
10005580	1
10005589	1
1000559	31
10005595	1
10005607	1
10005613	1
10005628	1
10005634	1
10005640	4
10005649	1
1000565	1
10005655	1
10005661	1
10005676	1
10005682	2
10005697	1
100057	74
10005700	1
10005709	1
1000571	26
10005715	1
10005721	1
10005736	1
10005742	4
10005757	1
10005763	1
10005778	2
10005784	1
10005790	1
10005799	1
10005802	1
10005817	1
10005823	1
10005838	1
10005844	1
10005850	1
10005859	1
1000586	2
10005865	1
10005871	1
10005886	1
10005892	6
10005904	3
10005910	1
10005919	1
1000592	3
10005925	1
10005931	4
10005946	2
10005952	1
10005967	1
10005973	7
10005988	1
10005994	3
10006003	1
10006018	1
10006024	2
10006030	1
10006039	1
1000604	2
10006045	1
10006051	1
10006066	1
10006072	1
10006087	1
1000610	8
10006105	1
10006111	1
10006126	1
10006132	1
10006147	1
10006153	1
10006168	1
10006174	2
10006180	1
10006189	1
1000619	12
10006195	1
10006207	3
10006213	1
10006228	1
10006234	1
10006240	1
1000625	8
10006255	1
10006261	1
10006276	1
10006282	1
10006297	1
100063	4
10006300	1
10006309	1
1000631	6
10006315	1
10006321	2
10006336	1
10006342	1
10006357	1
10006363	1
10006378	1
10006384	1
10006390	1
10006399	3
10006402	1
10006417	1
10006423	1
10006438	4
10006444	1
10006450	1
10006459	1
1000646	6
10006465	1
10006471	1
10006486	1
10006492	1
10006504	3
10006510	1
10006519	1
10006525	1
10006531	1
10006546	1
10006552	1
10006567	1
10006573	1
10006588	2
10006594	1
10006606	1
10006612	1
10006627	1
10006633	1
10006648	1
10006654	1
10006660	1
10006669	1
1000667	4
10006675	1
10006681	1
10006696	1
10006708	1
10006714	1
10006720	1
10006729	1
1000673	3
10006735	4
10006741	3
10006756	1
10006762	1
10006777	1
10006783	1
10006798	1
10006801	1
10006816	1
10006822	1
10006837	1
10006843	1
10006858	1
10006864	1
10006870	1
10006879	1
10006885	1
10006891	1
10006903	1
10006918	2
10006924	2
10006930	3
10006939	3
1000694	2
10006945	3
10006951	4
10006966	1
10006972	1
10006987	1
10006993	1
10007	4
10007002	2
10007017	1
10007023	1
10007038	3
10007044	1
10007050	2
10007059	1
1000706	7
10007065	1
10007071	1
10007086	2
10007092	1
10007104	1
10007110	1
10007119	2
10007125	3
10007131	1
10007146	1
10007152	2
10007167	1
10007173	2
10007188	1
10007194	1
10007206	1
10007212	1
10007227	3
10007233	1
10007248	1
10007254	1
10007260	1
10007269	1
1000727	1
10007275	1
10007281	1
10007296	3
10007308	2
10007314	1
10007320	1
10007329	2
10007335	1
10007341	1
10007356	1
10007362	2
10007377	1
10007383	1
10007398	1
10007401	1
10007416	1
10007422	1
10007437	1
10007443	1
10007458	1
10007464	1
10007470	2
10007479	1
1000748	1
10007485	1
10007491	1
10007503	1
10007518	2
10007524	2
10007530	2
10007539	1
1000754	4
10007545	1
10007551	1
10007566	1
10007572	1
10007587	1
10007593	1
1000760	1
10007605	5
10007611	4
10007626	1
10007632	2
10007647	3
10007653	4
10007668	1
10007674	1
10007680	1
10007689	1
10007695	1
10007707	1
10007713	1
10007728	2
10007734	1
10007740	1
10007749	1
10007755	1
10007761	5
10007776	2
10007782	3
10007797	1
100078	1
10007800	1
10007809	1
10007815	1
10007821	3
10007836	1
10007842	2
10007857	1
10007863	1
10007878	1
10007884	3
10007890	2
10007899	1
10007902	1
10007917	1
10007923	1
10007938	1
10007944	1
10007950	11
10007959	1
1000796	18
10007965	1
10007971	1
10007986	1
10007992	2
10008001	1
10008016	1
10008022	1
10008037	1
10008043	1
10008058	1
10008064	1
10008070	1
10008079	1
1000808	2
10008085	1
10008091	1
10008103	1
10008118	4
10008124	4
10008130	2
10008139	1
1000814	2
10008145	1
10008151	1
10008166	3
10008172	1
10008187	1
10008193	3
10008205	1
10008211	3
10008226	1
10008232	1
10008247	1
10008253	1
10008268	1
10008274	2
10008280	3
10008289	1
1000829	548
10008295	1
