10000007	1
10000013	3
10000028	6
10000034	3
10000040	2
10000049	1
10000055	2
10000061	2
10000076	1
1000008	2
10000082	1
10000097	1
10000100	1
10000109	1
10000115	1
10000121	1
10000136	2
1000014	1
10000142	1
10000157	1
10000163	1
10000178	1
10000184	1
10000190	2
10000199	1
1000020	9
10000202	2
10000217	1
10000223	1
10000238	1
10000244	1
10000250	1
10000259	1
10000265	1
10000271	1
10000286	1
1000029	12
10000292	1
10000304	1
10000310	1
10000319	1
10000325	2
10000331	2
10000346	1
1000035	9
10000352	1
10000367	1
10000373	1
10000388	2
10000394	1
10000406	1
1000041	176
10000412	1
10000427	2
10000433	2
10000448	3
10000454	1
10000460	4
10000469	2
10000475	2
10000481	2
10000496	3
10000508	3
10000514	1
10000520	1
10000529	1
10000535	1
10000541	3
10000556	1
1000056	5
10000562	1
10000577	1
10000583	1
10000598	1
10000601	1
10000616	1
1000062	9
10000622	1
10000637	1
10000643	2
10000658	1
10000664	2
10000670	1
10000679	1
10000685	1
10000691	2
100007	6
10000703	3
10000718	1
10000724	1
10000730	1
10000739	1
10000745	1
10000751	1
10000766	1
1000077	10
10000772	6
10000787	1
10000793	2
10000805	1
10000811	1
10000826	2
1000083	6
10000832	1
10000847	1
10000853	1
10000868	1
10000874	1
10000880	1
10000889	1
10000895	1
10000907	1
10000913	7
10000928	1
10000934	1
10000940	1
10000949	6
10000955	1
10000961	1
10000976	1
10000982	1
10000997	1
10001006	2
1000101	13
10001012	1
10001027	1
10001033	1
10001048	1
10001054	1
10001060	1
10001069	1
10001075	1
10001081	2
10001096	1
10001108	1
10001114	1
10001120	1
10001129	1
10001135	7
10001141	2
10001156	1
1000116	19
10001162	1
10001177	1
10001183	1
10001198	1
10001201	1
10001216	1
1000122	1
10001222	2
10001237	1
10001243	1
10001258	1
10001264	1
10001270	2
10001279	1
10001285	1
10001291	1
100013	1
10001303	1
10001318	1
10001324	1
10001330	1
10001339	1
10001345	1
10001351	1
10001366	1
1000137	12
10001372	1
10001387	1
10001393	2
10001405	3
10001411	1
10001426	2
1000143	22
10001432	1
10001447	2
10001453	7
10001468	2
10001474	1
10001480	2
10001489	1
10001495	1
10001507	1
10001513	1
10001528	1
10001534	1
10001540	1
10001549	2
10001555	1
10001561	1
10001576	1
1000158	4
10001582	1
10001597	1
10001600	1
10001609	1
10001615	1
10001621	1
10001636	1
1000164	1
10001642	1
10001657	2
10001663	1
10001678	1
10001684	2
10001690	1
10001699	2
1000170	5
10001702	1
10001717	1
10001723	1
10001738	2
10001744	1
10001750	1
10001759	1
10001765	1
10001771	1
10001786	1
10001792	1
10001804	2
10001810	1
10001819	1
10001825	1
10001831	1
10001846	1
10001852	1
10001867	1
10001873	1
10001888	1
10001894	1
10001906	1
1000191	1
10001912	1
10001927	1
10001933	1
10001948	1
10001954	1
10001960	2
10001969	2
10001975	1
10001981	1
10001996	1
10002005	1
10002011	2
10002026	1
1000203	21
10002032	1
10002047	1
10002053	2
10002068	1
10002074	2
10002080	2
10002089	1
10002095	1
10002107	1
10002113	1
10002128	1
10002134	1
10002140	1
10002149	1
10002155	1
10002161	1
10002176	1
10002182	1
10002197	1
10002200	1
10002209	1
10002215	1
10002221	2
10002236	3
1000224	4
10002242	1
10002257	1
10002263	1
10002278	1
10002284	1
10002290	1
10002299	1
1000230	8
10002302	1
10002317	1
10002323	1
10002338	1
10002344	1
10002350	1
10002359	1
10002365	1
10002371	1
10002386	1
1000239	2
10002392	1
10002404	2
10002410	1
10002419	1
10002425	15
10002431	1
10002446	1
1000245	2
10002452	1
10002467	1
10002473	1
10002488	2
10002494	2
10002506	1
1000251	1
10002512	1
10002527	1
10002533	1
10002548	1
10002554	1
10002560	2
10002569	1
10002575	1
10002581	1
10002596	1
10002608	1
10002614	3
10002620	1
10002629	1
10002635	3
10002641	1
10002656	1
1000266	1
10002662	1
10002677	1
10002683	2
10002698	1
10002701	1
10002716	1
10002722	1
10002737	1
10002743	3
10002758	1
10002764	1
10002770	1
10002779	1
10002785	1
10002791	1
100028	3
10002803	1
10002818	1
10002824	2
10002830	1
10002839	2
10002845	2
10002851	2
10002866	2
1000287	2
10002872	2
10002887	2
10002893	2
10002905	2
10002911	2
10002926	1
1000293	4
10002932	1
10002947	1
10002953	1
10002968	2
10002974	1
10002980	2
10002989	1
10002995	1
10003004	1
10003010	12
10003019	1
10003025	1
10003031	2
10003046	1
1000305	16
10003052	1
10003067	1
10003073	1
10003088	1
10003094	1
10003106	1
1000311	53
10003112	1
10003127	1
10003133	2
10003148	1
10003154	1
10003160	1
10003169	1
10003175	2
10003181	1
10003196	1
10003208	1
10003214	1
10003220	2
10003229	1
10003235	1
10003241	1
10003256	1
1000326	2
10003262	1
10003277	3
10003283	1
10003298	1
10003301	1
10003316	1
1000332	1
10003322	1
10003337	1
10003343	1
10003358	2
10003364	1
10003370	1
10003379	2
10003385	1
10003391	1
100034	1
10003403	1
10003418	1
10003424	1
10003430	1
10003439	1
10003445	1
10003451	2
10003466	1
10003472	1
10003487	1
10003493	2
10003505	1
10003511	1
10003526	1
10003532	1
10003547	1
10003553	1
10003568	1
10003574	1
10003580	1
10003589	1
10003595	4
10003607	3
10003613	1
10003628	1
10003634	1
10003640	1
10003649	1
10003655	1
10003661	1
10003676	1
1000368	19
10003682	1
10003697	1
10003700	1
10003709	1
10003715	1
10003721	1
10003736	1
1000374	111
10003742	1
10003757	1
10003763	1
10003778	1
10003784	1
10003790	1
10003799	4
1000380	12
10003802	3
10003817	1
10003823	1
10003838	1
10003844	1
10003850	1
10003859	2
10003865	2
10003871	1
10003886	1
1000389	1
10003892	2
10003904	4
10003910	1
10003919	1
10003925	1
10003931	1
10003946	2
10003952	1
10003967	1
10003973	1
10003988	1
10003994	1
100040	7
10004003	1
10004018	1
10004024	1
10004030	1
10004039	3
10004045	1
10004051	1
10004066	1
1000407	2
10004072	1
10004087	1
10004093	1
10004105	1
10004111	3
10004126	1
1000413	1
10004132	1
10004147	2
10004153	1
10004168	2
10004174	2
10004180	1
10004189	1
10004195	1
10004207	1
10004213	1
10004228	2
10004234	1
10004240	1
10004249	2
10004255	1
10004261	1
10004276	1
1000428	1
10004282	1
10004297	1
10004300	1
10004309	1
10004315	1
10004321	1
10004336	1
1000434	3
10004342	1
10004357	1
10004363	1
10004378	1
10004384	1
10004390	1
10004399	1
1000440	2
10004402	1
10004417	2
10004423	1
10004438	1
10004444	1
10004450	1
10004459	1
10004465	1
10004471	1
10004486	1
1000449	5
10004492	1
10004504	1
10004510	1
10004519	1
10004525	1
10004531	1
10004546	1
1000455	1
10004552	1
10004567	1
10004573	1
10004588	1
10004594	1
10004606	1
1000461	4
10004612	1
10004627	1
10004633	1
10004648	1
10004654	1
10004660	1
10004669	2
10004675	2
10004681	1
10004696	2
10004708	1
10004714	1
10004720	1
10004729	1
10004735	1
10004741	1
10004756	1
1000476	78
10004762	1
10004777	1
10004783	1
10004798	1
10004801	1
10004816	1
1000482	1
10004822	1
10004837	1
10004843	1
10004858	1
10004864	1
10004870	1
10004879	1
10004885	1
10004891	1
100049	35
10004903	1
10004918	1
10004924	1
10004930	2
10004939	1
10004945	2
10004951	1
10004966	1
1000497	1
10004972	1
10004987	1
10004993	1
10005	15
1000500	1
10005002	1
10005017	1
10005023	1
10005038	1
10005044	1
10005050	2
10005059	1
10005065	1
10005071	1
10005086	1
10005092	1
10005104	1
10005110	1
10005119	1
10005125	1
10005131	1
10005146	1
1000515	2
10005152	1
10005167	1
10005173	1
10005188	1
10005194	1
10005206	1
1000521	1
10005212	1
10005227	1
10005233	1
10005248	2
10005254	1
10005260	1
10005269	3
10005275	1
10005281	3
10005296	1
10005308	1
10005314	1
10005320	1
10005329	1
10005335	1
10005341	1
10005356	2
1000536	10
10005362	2
10005377	1
10005383	1
10005398	1
10005401	1
10005416	2
1000542	2
10005422	1
10005437	1
10005443	1
10005458	2
10005464	1
10005470	1
10005479	1
10005485	1
10005491	1
100055	7
10005503	1
10005518	1
10005524	2
10005530	2
10005539	1
10005545	1
10005551	2
10005566	1
1000557	2
10005572	5
10005587	1
10005593	1
10005605	1
10005611	3
10005626	5
1000563	4
10005632	1
10005647	1
10005653	1
10005668	1
10005674	1
10005680	1
10005689	1
10005695	3
10005707	1
10005713	3
10005728	1
10005734	1
10005740	1
10005749	1
10005755	1
10005761	1
10005776	1
1000578	1
10005782	1
10005797	1
10005800	1
10005809	1
10005815	1
10005821	1
10005836	1
1000584	19
10005842	1
10005857	1
10005863	1
10005878	1
10005884	1
10005890	1
10005899	2
1000590	2
10005902	3
10005917	1
10005923	3
10005938	1
10005944	1
10005950	1
10005959	1
10005965	1
10005971	1
10005986	1
1000599	3
10005992	1
10006001	1
10006016	1
1000602	2
10006022	1
10006037	1
10006043	1
10006058	1
10006064	1
10006070	1
10006079	1
10006085	1
10006091	1
100061	351
10006103	1
10006118	1
10006124	1
10006130	1
10006139	1
10006145	1
10006151	1
10006166	1
1000617	8
10006172	1
10006187	1
10006193	1
10006205	1
10006226	1
1000623	12
10006232	5
10006247	1
10006253	2
10006268	1
10006274	1
10006280	1
10006289	1
10006295	1
10006307	2
10006313	1
10006328	1
10006334	1
10006340	1
10006349	1
10006355	1
10006361	1
10006376	1
1000638	1
10006382	1
10006397	1
10006400	1
10006409	3
10006415	1
10006421	1
10006436	2
1000644	16
10006442	1
10006457	1
10006463	1
10006478	1
10006484	1
10006490	1
10006499	1
10006502	1
10006517	1
10006523	3
10006538	1
10006544	8
10006550	1
10006559	1
10006565	2
10006571	1
10006586	3
1000659	8
10006592	1
10006604	1
10006610	1
10006619	1
10006625	1
10006631	1
10006646	1
1000665	1
10006652	1
10006667	1
10006673	1
10006688	1
10006694	1
10006706	1
1000671	8
10006712	1
10006727	2
10006733	1
10006748	1
10006754	9
10006760	1
10006769	1
10006775	1
10006781	1
10006796	1
10006808	1
10006814	1
10006820	1
10006829	1
10006835	1
10006841	1
10006856	1
1000686	10
10006862	1
10006877	3
10006883	1
10006898	1
10006901	1
10006916	1
1000692	4
10006922	2
10006937	5
10006943	3
10006958	1
10006964	2
10006970	1
10006979	1
10006985	1
10006991	1
10007000	1
10007009	1
10007015	1
10007021	1
10007036	15
10007042	1
10007057	1
10007063	1
10007078	1
10007084	1
10007090	1
10007099	1
1000710	16
10007102	2
10007117	1
10007123	1
10007138	1
10007144	1
10007150	1
10007159	1
10007165	1
10007171	1
10007186	1
1000719	1
10007192	1
10007204	1
10007210	1
10007219	2
10007225	2
10007231	1
10007246	1
10007252	1
10007267	1
10007273	2
10007288	1
10007294	1
10007306	2
1000731	1
10007312	1
10007327	1
10007333	1
10007348	2
10007354	1
10007360	6
10007369	3
10007375	3
10007381	1
10007396	1
10007408	1
10007414	1
10007420	1
10007429	1
10007435	2
10007441	1
10007456	1
1000746	1
10007462	1
10007477	1
10007483	1
10007498	1
10007501	1
10007516	1
10007522	1
10007537	1
10007543	1
10007558	1
10007564	1
10007570	1
10007579	3
10007585	1
10007591	1
10007603	1
10007618	1
10007624	1
10007630	2
10007639	1
10007645	1
10007651	2
10007666	1
1000767	23
10007672	1
10007687	1
10007693	1
10007705	1
10007711	1
10007726	1
1000773	2
10007732	2
10007747	1
10007753	1
10007768	2
10007774	1
10007780	1
10007789	1
10007795	1
10007807	1
10007813	1
10007828	1
10007834	1
10007840	1
10007849	1
10007855	1
10007861	1
10007876	1
1000788	1
10007882	3
10007897	1
10007900	1
10007909	1
10007915	1
10007921	2
10007936	1
1000794	4
10007942	4
10007957	1
10007963	1
10007978	1
10007984	1
10007990	1
10007999	1
10008008	1
10008014	1
10008020	1
10008029	1
10008035	1
10008041	1
10008056	1
10008062	1
10008077	1
10008083	1
10008098	1
10008101	2
10008116	2
1000812	40
10008122	3
10008137	3
10008143	1
10008158	1
10008164	1
10008170	2
10008179	3
10008185	1
10008191	2
100082	15
10008203	2
10008218	1
10008224	1
