10000006	1
10000012	3
10000027	1
10000033	1
10000048	1
10000054	1
10000060	1
10000069	1
1000007	48
10000075	1
10000081	1
10000096	1
10000108	1
10000114	1
10000120	1
10000129	1
1000013	1
10000135	1
10000141	1
10000156	1
10000162	1
10000177	1
10000183	1
10000198	1
10000201	1
10000216	2
10000222	1
10000237	5
10000243	1
10000258	1
10000264	1
10000270	1
10000279	1
1000028	4
10000285	1
10000291	1
10000303	1
10000318	1
10000324	2
10000330	2
10000339	3
1000034	81
10000345	1
10000351	1
10000366	1
10000372	1
10000387	1
10000393	1
1000040	18
10000405	1
10000411	2
10000426	1
10000432	2
10000447	2
10000453	1
10000468	2
10000474	3
10000480	4
10000489	2
1000049	4
10000495	4
10000507	8
10000513	1
10000528	1
10000534	1
10000540	2
10000549	1
1000055	11
10000555	1
10000561	1
10000576	1
10000582	1
10000597	1
100006	1
10000600	2
10000609	1
1000061	1
10000615	1
10000621	1
10000636	1
10000642	2
10000657	1
10000663	1
10000678	2
10000684	1
10000690	4
10000699	1
10000702	2
10000717	1
10000723	3
10000738	2
10000744	1
10000750	1
10000759	1
1000076	163
10000765	1
10000771	2
10000786	4
10000792	2
10000804	1
10000810	1
10000819	2
1000082	16
10000825	2
10000831	1
10000846	1
10000852	1
10000867	1
10000873	1
10000888	1
10000894	1
10000906	1
10000912	1
10000927	1
10000933	3
10000948	1
10000954	1
10000960	1
10000969	1
10000975	2
10000981	1
10000996	1
1000100	6
10001005	1
10001011	1
10001026	1
10001032	1
10001047	1
10001053	1
10001068	1
10001074	1
10001080	1
10001089	2
1000109	13
10001095	1
10001107	1
10001113	1
10001128	1
10001134	1
10001140	4
10001149	1
1000115	20
10001155	5
10001161	1
10001176	1
10001182	1
10001197	1
100012	3
10001200	1
10001209	1
1000121	10
10001215	1
10001221	1
10001236	1
10001242	1
10001257	1
10001263	1
10001278	1
10001284	1
10001290	1
10001299	1
10001302	1
10001317	1
10001323	1
10001338	1
10001344	1
10001350	1
10001359	1
1000136	10
10001365	1
10001371	1
10001386	1
10001392	1
10001404	1
10001410	2
10001419	2
1000142	9
10001425	1
10001431	2
10001446	2
10001452	1
10001467	2
10001473	1
10001488	1
10001494	1
10001506	2
10001512	1
10001527	1
10001533	1
10001548	1
10001554	1
10001560	3
10001569	1
1000157	12
10001575	1
10001581	1
10001596	3
10001608	1
10001614	1
10001620	1
10001629	1
1000163	8
10001635	1
10001641	1
10001656	1
10001662	2
10001677	1
10001683	1
10001698	1
10001701	2
10001716	1
10001722	1
10001737	1
10001743	2
10001758	1
10001764	1
10001770	1
10001779	1
1000178	1
10001785	1
10001791	1
10001803	1
10001818	1
10001824	1
10001830	1
10001839	1
1000184	3
10001845	1
10001851	1
10001866	2
10001872	2
10001887	1
10001893	2
1000190	4
10001905	1
10001911	5
10001926	1
10001932	1
10001947	1
10001953	1
10001968	2
10001974	1
10001980	2
10001989	2
1000199	1
10001995	1
10002004	1
10002010	1
10002019	1
1000202	2
10002025	1
10002031	1
10002046	1
10002052	1
10002067	1
10002073	1
10002088	2
10002094	1
10002106	1
10002112	1
10002127	1
10002133	2
10002148	1
10002154	1
10002160	1
10002169	1
1000217	1
10002175	3
10002181	1
10002196	1
10002208	1
10002214	1
10002220	1
10002229	1
1000223	3
10002235	2
10002241	2
10002256	1
10002262	3
10002277	1
10002283	1
10002298	1
10002301	1
10002316	1
10002322	2
10002337	1
10002343	3
10002358	1
10002364	1
10002370	2
10002379	1
10002385	1
10002391	2
10002403	1
10002418	7
10002424	2
10002430	1
10002439	1
1000244	4
10002445	1
10002451	1
10002466	1
10002472	1
10002487	1
10002493	1
10002505	1
10002511	1
10002526	1
10002532	1
10002547	1
10002553	1
10002568	1
10002574	1
10002580	1
10002589	1
1000259	5
10002595	1
10002607	1
10002613	2
10002628	1
10002634	1
10002640	1
10002649	1
1000265	1
10002655	1
10002661	1
10002676	1
10002682	1
10002697	1
100027	3
10002700	1
10002709	1
1000271	11
10002715	1
10002721	1
10002736	2
10002742	1
10002757	1
10002763	1
10002778	1
10002784	1
10002790	1
10002799	7
10002802	1
10002817	1
10002823	1
10002838	2
10002844	2
10002850	2
10002859	2
1000286	1
10002865	1
10002871	2
10002886	2
10002892	2
10002904	2
10002910	2
10002919	1
1000292	50
10002925	1
10002931	1
10002946	1
10002952	1
10002967	1
10002973	1
10002988	1
10002994	1
10003003	1
10003018	1
10003024	1
10003030	2
10003039	2
1000304	2
10003045	1
10003051	1
10003066	1
10003072	1
10003087	1
10003093	1
1000310	41
10003105	1
10003111	1
10003126	1
10003132	1
10003147	1
10003153	2
10003168	2
10003174	1
10003180	1
10003189	2
1000319	13
10003195	1
10003207	1
10003213	1
10003228	1
10003234	1
10003240	1
10003249	1
1000325	3
10003255	1
10003261	1
10003276	1
10003282	1
10003297	2
100033	30
10003300	1
10003309	1
10003315	1
10003321	1
10003336	2
10003342	1
10003357	1
10003363	1
10003378	1
10003384	1
10003390	1
10003399	1
10003402	3
10003417	1
10003423	1
10003438	1
10003444	1
10003450	1
10003459	5
1000346	8
10003465	1
10003471	1
10003486	2
10003492	1
10003504	1
10003510	1
10003519	1
10003525	1
10003531	2
10003546	1
10003552	1
10003567	1
10003573	1
10003588	1
10003594	1
10003606	3
10003612	1
10003627	1
10003633	1
10003648	1
10003654	1
10003660	1
10003669	8
1000367	8
10003675	1
10003681	1
10003696	1
10003708	1
10003714	1
10003720	1
10003729	2
1000373	120
10003735	1
10003741	1
10003756	1
10003762	1
10003777	1
10003783	8
10003798	6
10003801	3
10003816	1
10003822	1
10003837	2
10003843	1
10003858	2
10003864	1
10003870	3
10003879	3
1000388	257
10003885	1
10003891	5
10003903	1
10003918	1
10003924	1
10003930	1
10003939	1
1000394	2
10003945	2
10003951	2
10003966	1
10003972	1
10003987	1
10003993	1
10004	122
10004002	1
10004017	1
10004023	1
10004044	1
10004050	1
10004059	1
1000406	46
10004065	1
10004071	1
10004086	1
10004092	1
10004104	1
10004110	1
10004119	2
1000412	14
10004125	1
10004131	1
10004146	2
10004152	1
10004167	1
10004173	1
10004188	1
10004194	1
10004206	1
10004212	2
10004227	1
10004233	1
10004248	4
10004254	1
10004260	1
10004269	1
1000427	1
10004275	1
10004281	1
10004296	1
10004308	1
10004314	1
10004320	1
10004329	1
1000433	1
10004335	1
10004341	1
10004356	1
10004362	1
10004377	1
10004383	1
10004398	2
10004401	1
10004416	1
10004422	1
10004437	1
10004443	1
10004458	1
10004464	1
10004470	1
10004479	1
1000448	151
10004485	1
10004491	1
10004503	1
10004518	1
10004524	1
10004530	1
10004539	1
1000454	11
10004545	1
10004551	1
10004566	1
10004572	1
10004587	1
10004593	1
1000460	24
10004605	1
10004611	1
10004626	1
10004632	1
10004647	1
10004653	1
10004668	9
10004674	3
10004680	1
10004689	1
1000469	5
10004695	1
10004707	1
10004713	1
10004728	1
10004734	1
10004740	1
10004749	2
1000475	2
10004755	1
10004761	1
10004776	1
10004782	1
10004797	1
100048	31
10004800	1
10004809	1
1000481	4
10004815	3
10004821	1
10004836	1
10004842	2
10004857	1
10004863	1
10004878	1
10004884	1
10004890	1
10004899	1
10004902	1
10004917	3
10004923	1
10004938	1
10004944	1
10004950	2
10004959	1
1000496	5
10004965	1
10004971	1
10004986	1
10004992	1
10005001	1
10005016	1
10005022	1
10005037	1
10005043	1
10005058	1
10005064	1
10005070	3
10005079	1
1000508	1
10005085	2
10005091	2
10005103	1
10005118	1
10005124	1
10005130	1
10005139	1
1000514	2
10005145	1
10005151	2
10005166	1
10005172	1
10005187	2
10005193	1
1000520	2
10005205	1
10005211	1
10005226	1
10005232	1
10005247	1
10005253	1
10005268	1
10005274	3
10005280	2
10005289	1
1000529	4
10005295	1
10005307	1
10005313	2
10005328	1
10005334	1
10005340	1
10005349	3
1000535	1
10005355	1
10005361	10
10005376	1
10005382	1
10005397	4
100054	3
10005400	1
10005409	2
1000541	5
10005415	2
10005421	1
10005436	1
10005442	1
10005457	1
10005463	1
10005478	3
10005484	2
10005490	2
10005499	2
10005502	1
10005517	1
10005523	1
10005538	1
10005544	2
10005550	1
10005559	1
1000556	1
10005565	4
10005571	2
10005586	1
10005592	1
10005604	1
10005610	1
10005619	1
1000562	23
10005625	2
10005631	2
10005646	1
10005652	2
10005667	1
10005673	1
10005688	1
10005694	1
10005706	1
10005712	3
10005727	1
10005733	3
10005748	1
10005754	1
10005760	1
10005769	1
1000577	20
10005775	1
10005781	1
10005796	1
10005808	1
10005814	1
10005820	1
10005829	1
1000583	1
10005835	1
10005841	1
10005856	1
10005862	1
10005877	1
10005883	1
10005898	1
10005901	1
10005916	1
10005922	3
10005937	1
10005943	1
10005958	1
10005964	1
10005970	1
10005979	2
1000598	19
10005985	1
10005991	1
100060	1
10006000	1
10006009	1
1000601	5
10006015	1
10006021	1
10006036	1
10006042	1
10006057	1
10006063	1
10006078	1
10006084	1
10006090	1
10006099	1
10006102	1
10006117	1
10006123	1
10006138	1
10006144	1
10006150	1
10006159	1
1000616	1
10006165	1
10006171	1
10006186	1
10006192	1
10006204	1
10006210	1
10006219	1
1000622	2
10006225	1
10006231	6
10006246	1
10006252	1
10006267	1
10006273	1
10006288	1
10006294	1
10006306	1
10006312	11
10006327	1
10006333	1
10006348	3
10006354	1
10006360	1
10006369	1
1000637	1
10006375	1
10006381	1
10006396	1
10006408	1
10006414	1
10006420	4
10006429	1
1000643	8
10006435	1
10006441	1
10006456	1
10006462	1
10006477	1
10006483	1
10006498	1
10006501	1
10006516	1
10006522	1
10006537	8
10006543	1
10006558	1
10006564	1
10006570	1
10006579	1
1000658	3
10006585	3
10006591	1
10006603	1
10006618	1
10006624	1
10006630	1
10006639	2
1000664	12
10006645	2
10006651	1
10006666	1
10006672	1
10006687	1
10006693	2
10006705	1
10006711	3
10006726	1
10006732	1
10006747	1
10006753	1
10006768	1
10006774	1
10006780	1
10006789	1
1000679	26
10006795	1
10006807	1
10006813	1
10006828	1
10006834	1
10006840	1
10006849	1
1000685	12
10006855	1
10006861	1
10006876	1
10006882	1
10006897	1
100069	55
10006900	1
10006909	1
1000691	2
10006915	3
10006921	2
10006936	4
10006942	5
10006957	1
10006963	1
10006978	1
10006984	1
10006990	1
10006999	1
10007008	1
10007014	1
10007020	1
10007029	1
10007035	1
10007041	1
10007056	1
10007062	1
10007077	2
10007083	1
10007098	1
10007101	1
10007116	1
10007122	1
10007137	1
10007143	1
10007158	1
10007164	1
10007170	3
10007179	1
1000718	1
10007185	1
10007191	1
10007203	1
10007218	1
10007224	4
10007230	3
10007239	1
10007245	1
10007251	1
10007266	1
10007272	1
10007287	1
10007293	1
1000730	26
10007305	1
10007311	2
10007326	1
10007332	1
10007347	1
10007353	1
10007368	3
10007374	6
10007380	1
10007389	1
1000739	2
10007395	1
10007407	1
10007413	1
10007428	1
10007434	1
10007440	1
10007449	1
1000745	2
10007455	1
10007461	2
10007476	1
10007482	1
10007497	1
100075	16
10007500	1
10007509	2
1000751	2
10007515	2
10007521	1
10007536	1
10007557	1
10007563	1
10007578	1
10007584	1
10007590	1
10007599	1
10007602	8
10007617	1
10007623	1
10007638	1
10007644	1
10007650	2
10007659	1
1000766	88
10007665	1
10007671	1
10007686	1
10007692	1
10007704	1
10007710	1
10007719	1
1000772	4
10007725	1
10007731	1
10007746	1
10007752	2
10007767	1
10007773	1
10007788	1
10007794	2
10007806	1
10007812	1
10007827	1
10007833	2
10007848	3
10007854	1
10007860	1
10007869	1
1000787	5
10007875	1
10007881	3
10007896	1
10007908	1
10007914	2
10007920	3
10007929	1
10007935	1
10007941	2
10007956	1
10007962	1
10007977	1
10007983	1
10007998	1
10008007	1
10008013	1
10008028	1
10008034	1
10008040	1
10008049	1
1000805	41
10008055	1
10008061	1
10008076	1
10008082	1
10008097	1
100081	2
10008100	1
10008109	1
1000811	4
10008115	3
10008121	2
10008136	2
10008142	1
10008157	1
10008163	1
10008178	3
