1000000	10
10000008	1
10000014	4
10000020	5
10000029	1
10000035	2
10000041	1
10000056	1
10000062	1
10000077	1
10000083	1
1000009	3
10000098	1
10000101	1
10000116	1
10000122	1
10000137	1
10000143	2
1000015	6
10000158	1
10000164	1
10000170	1
10000179	2
10000185	1
10000191	2
10000203	1
1000021	133
10000218	1
10000224	1
10000230	2
10000239	1
10000245	1
10000251	1
10000266	1
10000272	1
10000287	1
10000293	2
10000305	1
10000311	1
10000326	3
10000332	3
10000347	1
10000353	1
1000036	38
10000368	1
10000374	1
10000380	1
10000389	1
10000395	1
10000407	1
10000413	1
1000042	10
10000428	1
10000434	2
10000440	1
10000449	2
10000455	3
10000461	2
10000476	4
10000482	4
10000497	3
10000500	3
10000509	8
10000515	1
10000521	1
10000536	1
10000542	1
10000557	1
10000563	1
1000057	63
10000578	1
10000584	2
10000590	1
10000599	1
10000602	2
10000617	1
10000623	1
1000063	4
10000638	1
10000644	1
10000650	1
10000659	1
10000665	1
10000671	1
10000686	1
10000692	2
10000704	1
10000710	1
10000719	2
10000725	2
10000731	1
10000746	1
10000752	1
10000767	2
10000773	2
1000078	5
10000788	1
10000794	6
100008	4
10000806	1
10000812	1
10000827	1
10000833	1
1000084	16
10000848	1
10000854	1
10000860	1
10000869	1
10000875	1
10000881	1
10000896	1
10000908	1
10000914	1
10000920	1
10000929	1
10000935	1
10000941	2
10000956	1
10000962	1
10000977	2
10000983	1
1000099	1
10000998	1
10001007	1
10001013	1
10001028	1
10001034	1
10001040	1
10001049	1
10001055	2
10001061	1
10001082	2
10001097	1
10001100	1
10001109	1
10001115	1
10001121	1
10001136	1
10001142	1
10001157	1
10001163	1
1000117	11
10001178	1
10001184	1
10001190	1
10001199	1
10001202	1
10001217	1
10001223	1
1000123	2
10001238	1
10001244	1
10001250	1
10001259	1
10001265	1
10001271	3
10001286	1
10001292	1
10001304	1
10001310	1
10001319	1
10001325	1
10001331	1
10001346	1
10001352	1
10001367	1
10001373	1
1000138	5
10001388	1
10001394	1
100014	2
10001406	1
10001412	1
10001427	1
10001433	1
1000144	4
10001448	3
10001454	1
10001460	1
10001469	2
10001475	2
10001481	1
10001496	6
1000150	21
10001508	1
10001514	3
10001520	1
10001529	1
10001535	1
10001541	2
10001556	1
10001562	1
10001577	1
10001583	1
10001598	3
10001601	1
10001616	1
10001622	2
10001637	1
10001643	2
1000165	6
10001658	1
10001664	1
10001670	1
10001679	1
10001685	1
10001691	1
10001703	2
1000171	8
10001718	1
10001724	2
10001730	1
10001739	5
10001745	1
10001751	1
10001766	2
10001772	2
10001787	1
10001793	1
10001805	1
10001811	1
10001826	1
10001832	2
10001847	1
10001853	1
10001868	1
10001874	1
10001880	2
10001889	1
10001895	1
10001907	1
10001913	3
1000192	14
10001928	1
10001934	1
10001940	1
10001949	1
10001955	1
10001961	1
10001976	2
10001982	1
10001997	1
100020	56
10002006	2
10002012	1
10002027	1
10002033	2
1000204	4
10002048	1
10002054	1
10002060	1
10002069	1
10002075	2
10002081	1
10002096	1
1000210	3
10002108	1
10002114	1
10002120	1
10002129	1
10002135	1
10002141	1
10002156	1
10002162	1
10002177	1
10002183	1
1000219	1
10002198	7
10002201	1
10002216	3
10002222	2
10002237	3
10002243	1
1000225	1
10002258	1
10002264	1
10002270	1
10002279	1
10002285	2
10002291	1
10002303	2
1000231	2
10002318	1
10002324	2
10002330	2
10002339	2
10002345	1
10002351	2
10002366	1
10002372	1
10002387	1
10002393	1
10002405	1
10002411	2
10002426	1
10002432	1
10002447	1
10002453	1
1000246	6
10002468	1
10002474	2
10002480	1
10002489	1
10002495	1
10002507	1
10002513	2
10002528	1
10002534	1
10002540	1
10002549	1
10002555	1
10002561	1
10002576	1
10002582	1
10002597	1
10002600	1
10002609	1
10002615	2
10002621	3
10002636	1
10002642	1
10002657	1
10002663	1
1000267	2
10002678	1
10002684	1
10002690	1
10002699	1
10002702	1
10002717	1
10002723	1
1000273	6
10002738	1
10002744	2
10002750	1
10002759	1
10002765	3
10002771	1
10002786	1
10002792	1
10002804	2
10002810	2
10002819	2
10002825	1
10002831	3
10002846	2
10002852	2
10002867	2
10002873	2
1000288	1
10002888	3
10002894	2
100029	23
10002906	2
10002912	3
10002927	1
10002933	1
10002948	1
10002954	1
10002960	1
10002969	1
10002975	1
10002981	2
10002996	2
10003005	2
10003011	1
10003026	2
10003032	1
10003047	1
10003053	1
1000306	1
10003068	1
10003074	1
10003080	1
10003089	1
10003095	2
10003107	2
10003113	1
1000312	1
10003128	2
10003134	1
10003140	1
10003149	1
10003155	1
10003161	1
10003176	1
10003182	1
10003197	1
10003200	1
10003209	1
10003215	1
10003221	1
10003236	1
10003242	1
10003257	1
10003263	1
10003278	1
10003284	1
10003290	1
10003299	1
10003302	1
10003317	1
10003323	1
1000333	1
10003338	1
10003344	1
10003350	1
10003359	1
10003365	1
10003371	2
10003386	1
10003392	1
10003404	1
10003410	1
10003419	1
10003425	5
10003431	1
10003446	2
10003452	1
10003467	1
10003473	1
10003488	1
10003494	1
100035	54
10003506	1
10003512	1
10003527	1
10003533	1
1000354	6
10003548	1
10003554	1
10003560	1
10003569	1
10003575	1
10003581	1
10003596	2
1000360	2
10003608	1
10003614	1
10003620	1
10003629	1
10003635	1
10003641	1
10003656	1
10003662	1
10003677	1
10003683	1
1000369	1
10003698	1
10003701	1
10003716	1
10003722	1
10003737	1
10003743	1
1000375	2
10003758	1
10003764	1
10003770	1
10003779	1
10003785	1
10003791	1
10003803	4
1000381	5
10003818	1
10003824	1
10003830	1
10003839	2
10003845	2
10003851	8
10003866	1
10003872	1
10003887	1
10003893	1
10003905	1
10003911	1
10003926	3
10003932	3
10003947	1
10003953	2
10003968	1
10003974	1
10003980	1
10003989	1
10003995	1
10004004	1
10004010	1
10004019	1
10004025	2
10004031	1
10004046	1
10004052	1
10004067	1
10004073	1
1000408	1
10004088	1
10004094	1
100041	6
10004106	1
10004112	1
10004127	1
10004133	1
1000414	4
10004148	2
10004154	1
10004160	3
10004169	1
10004175	1
10004181	1
10004196	1
10004208	1
10004214	1
10004220	1
10004229	1
10004235	1
10004241	1
10004256	1
10004262	1
10004277	1
10004283	1
1000429	1
10004298	1
10004301	1
10004316	1
10004322	1
10004337	1
10004343	1
1000435	5
10004358	1
10004364	1
10004370	1
10004379	1
10004385	1
10004391	1
10004403	1
10004418	1
10004424	1
10004430	1
10004439	1
10004445	1
10004451	1
10004466	1
10004472	1
10004487	1
10004493	1
10004505	1
10004511	1
10004526	1
10004532	1
10004547	1
10004553	1
10004568	1
10004574	1
10004580	1
10004589	1
10004595	1
10004607	1
10004613	1
1000462	57
10004628	1
10004634	1
10004640	1
10004649	1
10004655	1
10004661	1
10004676	2
10004682	1
10004697	1
10004700	1
10004709	1
10004715	1
10004721	1
10004736	1
10004742	1
10004757	1
10004763	1
10004778	1
10004784	1
10004790	1
10004799	1
10004802	1
10004817	1
10004823	2
1000483	1
10004838	1
10004844	1
10004850	1
10004859	1
10004865	1
10004871	1
10004886	1
10004892	2
10004904	1
10004910	1
10004919	1
10004925	1
10004931	1
10004946	1
10004952	1
10004967	1
10004973	1
1000498	32
10004988	1
10004994	1
10005003	2
1000501	4
10005018	1
10005024	1
10005030	1
10005039	1
10005045	1
10005051	1
10005066	1
10005072	1
10005087	1
10005093	1
10005105	1
10005111	1
10005126	1
10005132	2
10005147	1
10005153	1
1000516	13
10005168	1
10005174	1
10005180	1
10005189	1
10005195	1
10005207	1
10005213	1
1000522	1
10005228	1
10005234	1
10005240	1
10005249	1
10005255	2
10005261	1
10005276	1
10005282	1
10005297	1
10005300	1
10005309	1
10005315	2
10005321	1
10005336	1
10005342	1
10005357	1
10005363	6
10005378	1
10005384	1
10005390	1
10005399	2
10005402	9
10005417	1
10005423	6
1000543	10
10005438	1
10005444	1
10005450	2
10005459	2
10005465	1
10005471	1
10005486	2
10005492	1
10005504	1
10005510	3
10005519	1
10005525	1
10005531	1
10005546	1
10005552	8
10005567	1
10005573	2
1000558	3
10005588	1
10005594	1
100056	2
10005606	2
10005612	1
10005627	1
10005633	1
1000564	2
10005648	1
10005654	1
10005660	1
10005669	1
10005675	1
10005681	1
10005696	1
1000570	2
10005708	1
10005714	1
10005720	1
10005729	1
10005735	1
10005741	1
10005756	1
10005762	1
10005777	1
10005783	1
1000579	2
10005798	1
10005801	1
10005816	1
10005822	1
10005837	1
10005843	1
1000585	1
10005858	1
10005864	1
10005870	1
10005879	2
10005885	1
10005891	1
10005903	2
1000591	1
10005918	1
10005924	4
10005930	1
10005939	1
10005945	4
10005951	1
10005966	1
10005972	1
10005987	1
10005993	1
10006	9
10006002	1
10006017	2
10006023	1
1000603	2
10006038	1
10006044	1
10006050	1
10006059	1
10006065	1
10006071	1
10006086	1
10006092	2
10006104	2
10006110	1
10006119	1
10006125	1
10006131	1
10006146	1
10006152	1
10006167	1
10006173	1
1000618	2
10006188	1
10006194	1
100062	59
10006206	1
10006212	1
10006227	1
10006233	2
1000624	1
10006248	1
10006254	1
10006260	1
10006269	2
10006275	1
10006281	2
10006296	1
1000630	11
10006308	3
10006314	1
10006320	1
10006329	1
10006335	2
10006341	1
10006356	2
10006362	1
10006377	1
10006383	1
1000639	17
10006398	1
10006401	1
10006416	1
10006422	1
10006437	1
10006443	1
1000645	14
10006458	1
10006464	1
10006470	2
10006479	1
10006485	1
10006491	1
10006503	1
10006518	1
10006524	2
10006530	5
10006539	1
10006545	2
10006551	1
10006566	1
10006572	2
10006587	1
10006593	1
10006605	1
10006611	1
10006626	1
10006632	1
10006647	1
10006653	1
1000666	3
10006668	1
10006674	1
10006680	1
10006689	1
10006695	1
10006707	1
10006713	1
1000672	6
10006728	1
10006734	3
10006740	1
10006749	1
10006755	10
10006761	1
10006776	1
10006782	1
10006797	2
10006800	1
10006809	1
10006815	1
10006821	1
10006836	1
10006842	3
10006857	1
10006863	1
1000687	40
10006878	1
10006884	1
10006890	1
10006899	1
10006902	2
10006917	2
10006923	2
1000693	82
10006938	4
10006944	2
10006950	3
10006959	1
10006965	1
10006971	1
10006986	2
10006992	1
10007001	1
10007016	1
10007022	1
10007037	1
10007043	1
1000705	45
10007058	1
10007064	1
10007070	1
10007079	1
10007085	2
10007091	2
10007103	2
10007118	2
10007124	1
10007130	1
10007139	1
10007145	1
10007151	2
10007166	2
10007172	1
10007187	1
10007193	1
10007205	1
10007211	1
10007226	3
10007232	2
10007247	1
10007253	1
10007268	1
10007274	1
10007280	1
10007289	1
10007295	1
10007307	1
10007313	1
1000732	1
10007328	1
10007334	2
10007340	1
10007349	2
10007355	2
10007361	4
10007376	1
10007382	1
10007397	1
10007400	1
10007409	1
10007415	2
10007421	1
10007436	1
10007442	1
10007457	1
10007463	1
1000747	6
10007478	1
10007484	2
10007490	1
10007499	1
10007502	1
10007517	1
10007523	1
1000753	1
10007538	1
10007544	1
10007550	1
10007559	1
10007565	1
10007571	1
10007586	2
10007592	1
10007604	1
10007610	3
10007619	1
10007625	2
10007631	4
10007646	2
10007652	3
10007667	1
10007673	1
1000768	24
10007688	1
10007694	2
100077	197
10007706	1
10007712	1
10007727	1
10007733	2
1000774	3
10007748	3
10007754	1
10007760	1
10007769	4
10007775	2
10007781	1
10007796	1
1000780	5
10007808	1
10007814	2
10007820	1
10007829	1
10007835	1
10007841	1
10007856	1
10007862	3
10007877	2
10007883	3
10007898	1
10007901	1
10007916	3
10007922	1
10007937	1
10007943	1
1000795	22
10007958	1
10007964	2
10007970	1
10007979	1
10007985	1
10007991	1
10008000	1
10008009	1
10008015	4
10008021	1
10008036	1
10008042	1
10008057	1
10008063	1
10008078	1
10008084	1
10008090	1
10008099	1
10008102	1
10008117	2
10008123	2
1000813	27
10008138	1
10008144	1
10008150	1
10008159	1
10008165	1
10008171	1
10008186	1
10008192	1
10008204	2
10008210	3
10008219	1
10008225	1
10008231	1
10008246	1
10008267	1
10008273	2
