10000001	1
10000016	3
1000002	1
10000022	2
10000037	1
10000043	1
10000058	1
10000064	1
10000070	2
10000079	2
10000085	1
10000091	1
100001	10
10000103	3
10000118	1
10000124	1
10000130	1
10000139	1
10000145	1
10000151	1
10000166	1
1000017	21
10000172	1
10000187	1
10000193	1
10000205	1
10000211	1
10000226	1
1000023	187
10000232	1
10000247	1
10000253	1
10000268	1
10000274	1
10000280	1
10000289	1
10000295	1
10000307	1
10000313	1
10000328	3
10000334	3
10000340	2
10000349	1
10000355	1
10000361	1
10000376	1
1000038	59
10000382	2
10000397	1
10000400	1
10000409	1
10000415	1
10000421	1
10000436	1
1000044	17
10000442	1
10000457	2
10000463	2
10000478	2
10000484	3
10000490	4
10000499	3
1000050	4
10000502	3
10000517	1
10000523	1
10000538	1
10000544	1
10000550	1
10000559	1
10000565	1
10000571	1
10000586	1
10000592	1
10000604	1
10000610	1
10000619	1
10000625	2
10000631	1
10000646	1
10000652	1
10000667	1
10000673	1
10000688	1
10000694	3
10000706	2
1000071	18
10000712	2
10000727	1
10000733	1
10000748	1
10000754	1
10000760	1
10000769	2
10000775	1
10000781	1
10000796	1
10000808	2
10000814	4
10000820	2
10000829	1
10000835	1
10000841	2
10000856	1
1000086	235
10000862	1
10000877	1
10000883	1
10000898	4
10000901	1
10000916	2
1000092	75
10000922	1
10000937	4
10000943	1
10000958	1
10000964	1
10000970	4
10000979	1
10000985	1
10000991	1
10001000	1
10001009	1
10001015	2
10001021	2
10001036	1
1000104	4
10001042	1
10001057	1
10001063	1
10001078	1
10001084	1
10001090	1
10001099	2
10001102	1
10001117	1
10001123	1
10001138	1
10001144	3
10001150	1
10001159	2
10001165	1
10001171	1
10001186	1
1000119	1
10001192	1
10001204	1
10001210	1
10001219	1
10001225	1
10001231	1
10001246	1
1000125	9
10001252	1
10001267	1
10001273	1
10001288	1
10001294	1
10001306	1
1000131	70
10001312	1
10001327	1
10001333	1
10001348	1
10001354	1
10001360	1
10001369	1
10001375	1
10001381	1
10001396	1
10001408	1
10001414	1
10001420	1
10001429	1
10001435	1
10001441	7
10001456	10
1000146	29
10001462	1
10001477	1
10001483	3
10001498	1
10001501	1
10001516	2
1000152	58
10001522	1
10001537	1
10001543	1
10001558	22
10001564	1
10001570	1
10001579	1
10001585	1
10001591	1
100016	7
10001603	1
10001618	2
10001624	1
10001630	1
10001639	5
10001645	4
10001651	1
10001666	1
10001672	1
10001687	1
10001693	1
10001705	1
10001711	1
10001726	1
1000173	8
10001732	1
10001747	1
10001753	2
10001768	2
10001774	1
10001780	1
10001789	1
10001795	2
10001807	1
10001813	4
10001828	1
10001834	1
10001840	1
10001849	1
10001855	1
10001861	1
10001876	2
1000188	1
10001882	1
10001897	1
10001900	1
10001909	1
10001915	1
10001921	2
10001936	1
1000194	1
10001942	1
10001957	1
10001963	1
10001978	1
10001984	2
10001990	2
10001999	1
10002008	1
10002014	1
10002020	1
10002029	1
10002035	2
10002041	2
10002056	2
10002062	2
10002077	1
10002083	2
10002098	1
10002101	1
10002116	1
1000212	1
10002122	1
10002137	1
10002143	1
10002158	1
10002164	1
10002170	1
10002179	1
10002185	2
10002191	1
10002203	1
10002218	1
10002224	1
10002230	3
10002239	2
10002245	1
10002251	1
10002266	2
1000227	2
10002272	2
10002287	1
10002293	2
10002305	3
10002311	4
10002326	1
1000233	1
10002332	2
10002347	1
10002353	2
10002368	1
10002374	1
10002380	1
10002389	2
10002395	1
10002407	1
10002413	2
10002428	2
10002434	1
10002440	1
10002449	2
10002455	1
10002461	1
10002476	1
1000248	2
10002482	1
10002497	1
10002500	1
10002509	1
10002515	1
10002521	1
10002536	1
1000254	4
10002542	1
10002557	2
10002563	1
10002578	1
10002584	1
10002590	2
10002599	1
1000260	1
10002602	1
10002617	1
10002623	1
10002638	1
10002644	1
10002650	1
10002659	1
10002665	1
10002671	1
10002686	1
1000269	5
10002692	1
10002704	1
10002710	1
10002719	1
10002725	1
10002731	1
10002746	1
10002752	6
10002767	1
10002773	1
10002788	1
10002794	1
10002806	2
1000281	3
10002812	6
10002827	2
10002833	2
10002848	2
10002854	2
10002860	1
10002869	1
10002875	2
10002881	2
10002896	2
10002908	2
10002914	2
10002920	1
10002929	1
10002935	1
10002941	1
10002956	1
1000296	5
10002962	1
10002977	3
10002983	1
10002998	1
10003007	1
10003013	1
10003028	8
10003034	1
10003040	1
10003049	1
10003055	1
10003061	1
10003076	1
10003082	1
10003097	1
10003100	1
10003109	2
10003115	1
10003121	1
10003136	1
1000314	3
10003142	2
10003157	1
10003163	1
10003178	3
10003184	1
10003190	2
10003199	4
1000320	14
10003202	1
10003217	1
10003223	1
10003238	1
10003244	1
10003250	1
10003259	1
10003265	2
10003271	1
10003286	1
10003292	1
10003304	1
10003310	2
10003319	1
10003325	1
10003331	1
10003346	1
1000335	1
10003352	1
10003367	1
10003373	1
10003388	1
10003394	1
10003406	1
10003412	1
10003427	1
10003433	3
10003448	1
10003454	1
10003460	1
10003469	1
10003475	1
10003481	2
10003496	1
10003508	1
10003514	3
10003520	1
10003529	1
10003535	1
10003541	1
10003556	1
1000356	2
10003562	1
10003577	1
10003583	1
10003598	1
10003601	1
10003616	2
1000362	1
10003622	2
10003637	3
10003643	1
10003658	1
10003664	1
10003670	1
10003679	1
10003685	1
10003691	1
100037	2
10003703	1
10003718	1
10003724	1
10003730	1
10003739	1
10003745	1
10003751	1
10003766	1
1000377	7
10003772	1
10003787	1
10003793	1
10003805	4
10003811	8
10003826	1
1000383	6
10003832	1
10003847	1
10003853	1
10003868	1
10003874	2
10003880	1
10003889	2
10003895	2
10003907	1
10003913	1
10003928	1
10003934	9
10003940	1
10003949	1
10003955	1
10003961	1
10003976	1
1000398	19
10003982	1
10003997	1
10004006	1
1000401	5
10004012	1
10004027	1
10004033	1
10004048	1
10004054	1
10004060	1
10004069	1
10004075	1
10004081	1
10004096	1
10004108	1
10004114	1
10004120	3
10004129	2
10004135	1
10004156	1
1000416	7
10004162	1
10004177	1
10004183	1
10004198	1
10004201	1
10004216	1
1000422	3
10004222	1
10004237	1
10004243	1
10004258	1
10004264	1
10004270	1
10004279	1
10004285	1
10004291	1
10004303	1
10004318	1
10004324	1
10004330	1
10004339	1
10004345	1
10004351	1
10004366	1
1000437	3
10004372	1
10004387	1
10004393	1
10004405	1
10004411	1
10004426	1
10004432	1
10004447	1
10004453	1
10004468	1
10004474	1
10004480	1
10004489	1
10004495	1
10004507	1
10004513	1
10004528	1
10004534	1
10004540	1
10004549	1
10004555	1
10004561	1
10004576	1
1000458	3
10004582	1
10004597	1
10004600	1
10004609	1
10004615	1
10004621	1
10004636	1
1000464	10
10004642	1
10004657	1
10004663	1
10004678	1
10004684	1
10004690	1
10004699	1
1000470	5
10004702	1
10004717	1
10004723	1
10004738	1
10004744	1
10004750	1
10004759	9
10004765	2
10004771	1
10004786	1
1000479	1
10004792	1
10004804	1
10004810	2
10004819	1
10004825	1
10004831	1
10004846	1
1000485	1
10004852	1
10004867	1
10004873	2
10004888	1
10004894	1
10004906	1
1000491	2
10004912	4
10004927	1
10004933	1
10004948	1
10004954	1
10004960	1
10004969	1
10004975	1
10004981	3
10004996	1
10005005	1
10005011	3
10005026	1
1000503	1
10005032	1
10005047	1
10005053	1
10005068	1
10005074	1
10005080	1
10005089	1
10005095	1
10005107	1
10005113	2
10005128	1
10005134	1
10005140	1
10005149	1
10005155	1
10005161	1
10005176	1
1000518	8
10005182	1
10005197	1
10005200	1
10005209	1
10005215	1
10005221	1
10005236	1
1000524	1
10005242	1
10005257	1
10005263	2
10005278	1
10005284	1
10005290	1
10005299	1
1000530	12
10005302	1
10005317	1
10005323	1
10005338	3
10005344	1
10005350	1
10005359	3
10005365	2
10005371	2
10005386	1
1000539	5
10005392	1
10005404	3
10005410	2
10005419	1
10005425	1
10005431	4
10005446	1
10005452	1
10005467	1
10005473	1
10005488	3
10005494	4
10005506	1
10005512	1
10005527	1
10005533	1
10005548	1
10005554	1
10005560	2
10005569	4
10005575	1
10005581	2
10005596	1
10005608	1
10005614	2
10005620	1
10005629	2
10005635	1
10005641	2
10005656	1
1000566	23
10005662	1
10005677	2
10005683	1
10005698	1
10005701	1
10005716	1
1000572	1
10005722	1
10005737	1
10005743	1
10005758	1
10005764	1
10005770	1
10005779	1
10005785	1
10005791	1
10005803	2
10005818	1
10005824	1
10005830	1
10005839	2
10005845	1
10005851	1
10005866	1
1000587	1
10005872	1
10005887	1
10005893	1
10005905	1
10005911	1
10005926	1
1000593	14
10005932	2
10005947	1
10005953	1
10005968	1
10005974	1
10005980	3
10005989	1
10005995	3
10006004	1
10006010	1
10006019	1
10006025	1
10006031	1
10006046	1
1000605	4
10006052	1
10006067	1
10006073	1
10006088	1
10006106	1
1000611	1
10006112	1
10006127	1
10006133	1
10006148	1
10006154	1
10006160	1
10006169	1
10006175	1
10006181	1
10006196	1
10006208	1
10006214	1
10006220	1
10006229	1
10006235	1
10006241	1
10006256	1
1000626	4
10006262	2
10006277	5
10006283	2
10006298	1
10006301	1
10006316	1
1000632	7
10006322	3
10006337	2
10006343	1
10006358	1
10006364	1
10006370	1
10006379	1
10006385	1
10006391	1
100064	3
10006403	1
10006418	1
10006424	1
10006430	1
10006439	1
10006445	1
10006451	2
10006466	1
1000647	46
10006472	3
10006487	2
10006493	1
10006505	1
10006511	1
10006526	1
10006532	1
10006547	1
10006553	1
10006568	1
10006574	1
10006580	1
10006589	2
10006595	1
10006607	1
10006613	1
10006628	1
10006634	1
10006640	2
10006649	1
10006655	1
10006661	1
10006676	2
1000668	1
10006682	1
10006697	1
10006700	2
10006709	3
10006715	1
10006721	1
10006736	1
1000674	1
10006742	1
10006757	1
10006763	1
10006778	1
10006784	1
10006790	1
10006799	1
1000680	49
10006802	1
10006817	1
10006823	1
10006838	1
10006844	2
10006850	1
10006859	1
10006865	1
10006871	1
10006886	1
1000689	7
10006892	1
10006904	2
10006910	4
10006919	5
10006925	3
10006931	2
10006946	3
1000695	21
10006952	6
10006967	1
10006973	1
10006988	1
10006994	1
100070	87
10007003	1
10007018	1
10007024	1
10007030	1
10007039	1
10007045	2
10007051	1
10007066	1
1000707	15
10007072	1
10007087	1
10007093	1
10007105	1
10007111	1
10007126	3
1000713	1
10007132	2
10007147	1
10007153	2
10007168	1
10007174	1
10007180	1
10007189	1
10007195	1
10007207	1
10007213	1
10007228	2
10007234	1
10007240	1
10007249	1
10007255	1
10007261	1
10007276	1
1000728	4
10007282	1
10007297	1
10007300	1
10007309	1
10007315	1
10007321	1
10007336	1
1000734	1
10007342	1
10007357	1
10007363	3
10007378	2
10007384	1
10007390	1
10007399	1
1000740	8
10007402	2
10007417	1
10007423	1
10007438	2
10007444	1
10007450	1
10007459	1
10007465	1
10007471	2
10007486	2
1000749	9
10007492	1
10007504	1
10007510	1
10007519	1
10007525	1
10007531	1
10007546	1
1000755	4
10007552	1
10007567	1
10007573	1
10007588	1
10007594	1
10007606	1
1000761	1
10007612	1
10007627	1
10007633	2
10007648	1
10007654	3
10007660	1
10007669	1
10007675	1
10007681	1
10007696	1
10007708	1
10007714	2
10007720	1
10007729	1
10007735	1
10007741	1
10007756	1
1000776	5
10007762	1
10007777	2
10007783	1
10007798	1
10007801	1
10007816	1
1000782	6
10007822	1
10007837	1
10007843	1
10007858	1
10007864	1
10007870	1
10007879	1
10007885	4
10007891	1
100079	14
10007903	1
10007918	1
10007924	1
10007930	1
10007939	1
10007945	5
10007951	1
10007966	3
1000797	6
10007972	1
10007987	1
10007993	2
10008	9
1000800	5
10008002	1
10008017	1
10008023	1
10008038	1
10008044	1
10008050	1
10008059	1
10008065	1
10008071	1
10008086	1
1000809	3
10008092	1
10008104	1
10008110	1
10008119	2
10008125	2
10008131	1
10008146	2
1000815	8
10008152	1
10008167	1
10008173	1
10008188	1
10008194	1
10008206	1
1000821	2
10008212	3
10008227	2
10008233	1
10008248	5
