10000005	1
10000011	2
10000026	2
10000032	2
10000047	1
10000053	1
1000006	9
10000068	2
10000074	1
10000080	1
10000089	1
10000095	1
10000107	2
10000113	1
1000012	210
10000128	1
10000134	1
10000140	1
10000149	1
10000155	1
10000161	1
10000176	1
10000182	1
10000197	1
10000200	1
10000209	1
10000215	1
10000221	1
10000236	1
10000242	1
10000257	1
10000263	1
1000027	1
10000278	1
10000284	1
10000290	1
10000299	1
10000302	1
10000317	1
10000323	3
1000033	53
10000338	3
10000344	1
10000350	1
10000359	1
10000365	1
10000371	1
10000386	1
10000392	1
10000404	2
10000410	1
10000419	1
10000425	1
10000431	2
10000446	2
10000452	1
10000467	2
10000473	2
1000048	1
10000488	2
10000494	4
100005	34
10000506	6
10000512	1
10000527	1
10000533	1
1000054	38
10000548	1
10000554	1
10000560	1
10000569	1
10000575	1
10000581	1
10000596	1
10000608	1
10000614	1
10000620	1
10000629	1
10000635	1
10000641	1
10000656	1
10000662	1
10000677	4
10000683	1
1000069	11
10000698	1
10000701	4
10000716	2
10000737	1
10000743	1
1000075	5
10000758	1
10000764	1
10000770	2
10000779	1
10000785	2
10000791	3
10000803	1
10000818	1
10000824	1
10000830	5
10000839	1
10000845	1
10000851	1
10000866	1
10000872	1
10000887	1
10000893	1
10000905	1
10000911	1
10000926	1
10000932	1
10000947	3
10000953	3
1000096	9
10000968	1
10000974	1
10000980	1
10000989	1
10000995	1
10001004	1
10001010	1
10001019	2
10001025	2
10001031	1
10001046	1
10001052	1
10001067	1
10001073	1
1000108	13
10001088	1
10001094	1
100011	10
10001106	3
10001112	1
10001127	1
1000114	6
10001148	1
10001154	5
10001160	1
10001169	1
10001175	1
10001181	1
10001196	1
10001208	1
10001214	1
10001220	1
10001229	1
10001235	1
10001241	1
10001256	1
10001262	1
10001277	1
10001283	1
10001298	1
10001301	1
10001316	1
10001322	1
10001337	1
10001343	1
1000135	8
10001358	1
10001364	1
10001370	1
10001379	1
10001385	1
10001391	3
10001403	3
1000141	16
10001418	1
10001424	1
10001430	2
10001439	1
10001445	2
10001451	2
10001466	1
10001472	2
10001487	7
10001505	1
10001511	1
10001526	1
10001532	1
10001547	1
10001553	1
1000156	67
10001568	1
10001574	1
10001580	1
10001589	1
10001595	1
10001607	1
10001613	2
10001628	1
10001634	1
10001640	2
10001649	1
10001655	1
10001661	1
10001676	1
10001682	1
10001697	1
10001700	1
10001709	1
10001715	2
10001721	1
10001736	1
10001742	1
10001757	1
10001763	2
1000177	5
10001778	1
10001784	1
10001790	1
10001799	1
10001802	2
10001817	1
10001823	2
1000183	2
10001838	1
10001844	1
10001850	1
10001859	3
10001865	2
10001871	1
10001886	1
10001892	1
10001904	1
10001910	2
10001919	1
10001925	1
10001931	1
10001946	1
10001952	1
10001967	1
10001973	1
1000198	155
10001988	1
10001994	2
10002003	1
1000201	1
10002018	1
10002024	1
10002030	1
10002039	1
10002045	1
10002051	2
10002066	1
10002072	1
10002087	1
10002093	1
10002105	1
10002111	1
10002126	1
10002132	1
10002147	1
10002153	1
1000216	2
10002168	4
10002174	1
10002180	1
10002189	3
10002195	1
10002207	2
10002213	2
1000222	4
10002228	1
10002234	2
10002240	2
10002249	1
10002255	1
10002261	1
10002276	1
10002282	1
10002297	1
10002300	1
10002309	1
10002315	1
10002321	1
10002336	2
10002342	1
10002357	1
10002363	1
1000237	5
10002378	1
10002384	1
10002390	1
10002399	1
10002402	1
10002417	3
10002423	4
1000243	1
10002438	1
10002444	1
10002450	1
10002459	1
10002465	1
10002471	1
10002486	1
10002492	1
10002504	1
10002510	1
10002519	1
10002525	1
10002531	1
10002546	1
10002552	1
10002567	1
10002573	1
1000258	2
10002588	1
10002594	1
100026	25
10002606	1
10002612	2
10002627	4
10002633	1
1000264	5
10002648	1
10002654	1
10002660	1
10002669	1
10002675	1
10002681	1
10002696	1
10002708	1
10002714	2
10002720	1
10002729	1
10002735	1
10002741	1
10002756	1
10002762	1
10002777	2
10002783	1
1000279	5
10002798	1
10002801	1
10002816	1
10002822	1
10002837	2
10002843	2
10002858	2
10002864	1
10002870	2
10002879	2
10002885	2
10002891	2
10002903	2
1000291	6
10002918	1
10002924	1
10002930	1
10002939	1
10002945	1
10002951	1
10002966	1
10002972	1
10002987	1
10002993	1
10003	76
10003002	2
10003017	1
10003023	1
1000303	77
10003038	1
10003044	1
10003050	1
10003059	1
10003065	1
10003071	1
10003086	1
10003092	2
10003104	1
10003110	3
10003119	1
10003125	1
10003131	1
10003146	1
10003152	1
10003167	1
10003173	1
1000318	24
10003188	3
10003194	1
100032	4
10003206	1
10003212	2
10003227	1
10003233	1
1000324	2
10003248	1
10003254	1
10003260	1
10003269	1
10003275	1
10003281	1
10003296	1
10003308	1
10003314	1
10003320	1
10003329	1
10003335	1
10003341	1
10003356	1
10003362	1
10003377	1
10003383	1
1000339	2
10003398	1
10003401	1
10003416	1
10003422	1
10003437	2
10003443	1
10003458	2
10003464	1
10003470	1
10003479	1
10003485	2
10003491	2
10003503	1
10003518	1
10003524	1
10003530	1
10003539	1
10003545	1
10003551	1
10003566	1
10003572	1
10003587	1
10003593	1
10003605	1
10003611	1
10003626	1
10003632	1
10003647	1
10003653	1
1000366	58
10003668	1
10003674	1
10003680	2
10003689	1
10003695	1
10003707	1
10003713	1
1000372	9
10003728	1
10003734	1
10003740	1
10003749	1
10003755	1
10003761	1
10003776	1
10003782	1
10003797	5
10003800	3
10003809	5
10003815	1
10003821	1
10003836	1
10003842	1
10003857	1
10003863	1
1000387	89
10003878	1
10003884	1
10003890	1
10003899	2
10003902	3
10003917	1
10003923	1
1000393	6
10003938	1
10003944	1
10003950	1
10003959	1
10003965	1
10003971	3
10003986	1
10003992	1
10004001	2
10004016	1
10004022	1
10004037	1
10004043	1
1000405	4
10004058	1
10004064	1
10004070	1
10004079	1
10004085	1
10004091	1
10004103	1
1000411	1
10004118	1
10004124	2
10004130	1
10004139	1
10004145	2
10004151	1
10004166	1
10004172	1
10004187	1
10004193	1
10004205	1
10004211	1
10004226	1
10004232	1
10004247	1
10004253	1
1000426	2
10004268	1
10004274	1
10004280	1
10004289	1
10004295	1
10004307	1
10004313	1
1000432	1
10004328	1
10004334	1
10004340	1
10004349	1
10004355	2
10004361	1
10004376	1
10004382	1
10004397	2
10004400	1
10004409	1
10004415	1
10004421	1
10004436	1
10004442	1
10004457	1
10004463	1
1000447	1
10004478	1
10004484	1
10004490	1
10004499	1
10004502	1
10004517	1
10004523	1
1000453	1
10004538	1
10004544	1
10004550	1
10004559	1
10004565	1
10004571	1
10004586	1
10004592	1
10004604	1
10004610	1
10004619	1
10004625	1
10004631	2
10004646	1
10004652	1
10004667	2
10004673	3
1000468	4
10004688	4
10004694	3
100047	26
10004706	1
10004712	1
10004727	1
10004733	2
1000474	1
10004748	1
10004754	1
10004760	1
10004769	1
10004775	1
10004781	1
10004796	1
10004808	1
10004814	1
10004820	1
10004829	1
10004835	1
10004841	1
10004856	3
10004862	1
10004877	1
10004883	1
10004898	1
10004901	1
10004916	1
10004922	1
10004937	3
10004943	1
1000495	1
10004958	2
10004964	1
10004970	1
10004979	1
10004985	3
10004991	1
10005000	1
10005009	1
10005015	1
10005021	2
10005036	2
10005042	1
10005057	1
10005063	1
1000507	1
10005078	1
10005084	1
10005090	1
10005099	1
10005102	1
10005117	1
10005123	1
1000513	19
10005138	1
10005144	1
10005150	1
10005159	1
10005165	1
10005171	1
10005186	1
10005192	1
10005204	1
10005210	2
10005219	1
10005225	1
10005231	1
10005246	1
10005252	2
10005267	1
10005273	1
1000528	1
10005288	1
10005294	1
100053	63
10005306	1
10005312	1
10005327	1
10005333	2
1000534	1
10005348	4
10005354	2
10005360	3
10005375	47
10005381	2
10005396	1
1000540	2
10005408	2
10005414	3
10005420	1
10005429	2
10005435	1
10005441	2
10005456	1
10005462	1
10005477	1
10005483	1
1000549	1
10005498	2
10005501	1
10005516	4
10005522	2
10005537	1
10005543	1
1000555	2
10005558	1
10005564	5
10005570	1
10005579	1
10005585	1
10005591	1
10005603	2
1000561	1
10005618	1
10005624	1
10005630	1
10005639	1
10005645	1
10005651	1
10005666	1
10005672	4
10005687	1
10005693	1
10005705	1
10005711	1
10005726	1
10005732	1
10005747	1
10005753	1
1000576	613
10005768	1
10005774	1
10005780	1
10005789	1
10005795	1
10005807	1
10005813	1
1000582	2
10005828	1
10005834	1
10005840	1
10005849	1
10005855	1
10005861	1
10005876	1
10005882	1
10005897	2
10005900	1
10005909	1
10005915	1
10005921	3
10005936	1
10005942	3
10005957	1
10005963	2
1000597	1
10005978	1
10005984	2
10005990	1
10005999	2
1000600	3
10006008	5
10006014	1
10006020	2
10006029	1
10006035	1
10006041	1
10006056	1
10006062	1
10006077	1
10006083	1
1000609	1
10006098	1
10006101	1
10006116	1
10006122	1
10006137	1
10006143	1
1000615	1
10006158	1
10006164	1
10006170	2
10006179	1
10006185	3
10006191	1
10006203	1
1000621	3
10006218	1
10006224	1
10006230	1
10006239	1
10006245	2
10006251	1
10006266	1
10006272	1
10006287	1
10006293	1
10006305	1
10006311	1
10006326	2
10006332	1
10006347	3
10006353	1
1000636	2
10006368	1
10006374	1
10006380	1
10006389	1
10006395	1
10006407	1
10006413	1
10006428	1
10006434	2
10006440	1
10006449	1
10006455	2
10006461	1
10006476	1
10006482	2
10006497	1
10006500	1
10006509	2
10006515	1
10006521	2
10006536	1
10006542	1
10006557	1
10006563	1
1000657	1
10006578	1
10006584	1
10006590	1
10006599	1
10006602	1
10006617	1
10006623	1
10006638	1
10006644	1
10006650	1
10006659	1
10006665	1
10006671	1
10006686	1
10006692	1
10006704	1
10006710	1
10006719	1
10006725	1
10006731	1
10006746	1
10006752	1
10006767	1
10006773	1
10006788	1
10006794	1
100068	55
10006806	1
10006812	1
10006827	1
10006833	2
1000684	4
10006848	1
10006854	1
10006860	1
10006869	1
10006875	1
10006881	1
10006896	2
1000690	6
10006908	1
10006914	1
10006920	2
10006929	5
10006935	4
10006941	3
10006956	5
10006962	1
10006977	1
10006983	1
1000699	36
10006998	1
10007007	1
10007013	1
1000702	5
10007028	1
10007034	1
10007040	2
10007049	2
10007055	1
10007061	1
10007076	1
10007082	1
10007097	2
10007100	2
10007109	1
10007115	1
10007121	1
10007136	1
10007142	1
10007157	1
10007163	1
1000717	1
10007178	3
10007184	4
10007190	1
10007199	1
10007202	1
10007217	7
10007223	2
10007238	1
10007244	1
10007250	1
10007259	1
10007265	1
10007271	1
10007286	1
10007292	2
10007304	1
10007310	1
10007319	1
10007325	1
10007331	1
10007346	1
10007352	1
10007367	5
10007373	4
1000738	18
10007388	1
10007394	2
100074	37
10007406	4
10007412	2
10007427	1
10007433	1
10007448	1
10007454	1
10007460	2
10007469	1
10007475	1
10007481	1
10007496	1
1000750	53
10007508	1
10007514	1
10007520	2
10007529	4
10007535	1
10007541	1
10007556	3
10007562	1
10007577	1
10007583	1
10007598	1
10007601	1
10007616	1
10007622	1
10007637	5
10007643	1
1000765	20
10007658	1
10007664	1
10007670	1
10007679	1
10007685	1
10007691	1
10007703	1
1000771	1
10007718	1
10007724	1
10007730	1
10007739	1
10007745	2
10007751	1
10007766	1
10007772	3
10007787	1
10007793	1
10007805	2
10007811	2
10007826	1
10007832	1
10007847	1
10007853	1
10007868	1
10007874	3
10007880	4
10007889	2
10007895	1
10007907	1
10007913	1
10007928	1
10007934	1
10007940	2
10007949	1
10007955	1
10007961	1
10007976	1
10007982	1
10007997	1
100080	10
10008006	1
10008012	1
10008027	1
10008033	1
1000804	20
10008048	1
10008054	1
10008060	1
10008069	1
10008075	1
10008081	1
10008096	1
10008108	1
10008114	3
10008120	2
10008129	2
10008135	1
10008141	1
10008156	1
10008162	1
10008177	1
10008183	1
1000819	6
10008198	2
10008201	2
10008216	1
10008222	1
10008237	1
10008243	2
1000825	8
10008258	1
10008264	1
10008270	1
10008279	3
10008285	1
10008291	1
