10000004	1
10000010	1
10000019	3
10000025	1
10000031	1
10000046	1
1000005	27
10000052	1
10000067	3
10000073	1
10000088	1
10000094	1
10000106	1
1000011	29
10000112	1
10000127	1
10000133	1
10000148	1
10000154	1
10000160	1
10000169	1
10000175	1
10000181	1
10000196	1
10000208	1
10000214	1
10000220	1
10000229	4
10000235	1
10000241	1
10000256	1
1000026	11
10000262	1
10000277	1
10000283	1
10000298	1
10000301	1
10000316	1
1000032	21
10000322	2
10000337	4
10000343	1
10000358	1
10000364	1
10000370	1
10000379	1
10000385	1
10000391	1
10000403	1
10000418	1
10000424	1
10000430	2
10000439	2
10000445	1
10000451	1
10000466	2
1000047	123
10000472	2
10000487	3
10000493	6
10000505	7
10000511	1
10000526	1
10000532	1
10000547	1
10000553	1
10000568	1
10000574	1
10000580	1
10000589	1
10000595	1
10000607	1
10000613	1
10000628	1
10000634	1
10000640	1
10000649	1
10000655	2
10000661	1
10000676	1
1000068	6
10000682	1
10000697	3
10000700	1
10000709	1
10000715	1
10000721	1
10000736	1
1000074	10
10000742	1
10000757	1
10000763	1
10000778	1
10000784	3
10000790	1
10000799	1
10000802	1
10000817	1
10000823	1
10000838	2
10000844	2
10000850	1
10000859	1
10000865	1
10000871	1
10000886	1
1000089	4
10000892	1
10000904	1
10000910	3
10000919	1
10000925	1
10000931	1
10000946	1
1000095	14
10000952	2
10000967	1
10000973	1
10000988	1
10000994	1
100010	6
10001003	1
10001018	2
10001024	2
10001030	1
10001039	1
10001045	1
10001051	1
10001066	1
1000107	1
10001072	1
10001087	1
10001093	1
10001105	1
10001111	1
10001126	1
1000113	1
10001132	1
10001147	1
10001153	7
10001168	1
10001174	1
10001180	1
10001189	1
10001195	1
10001207	1
10001213	1
10001228	2
10001234	1
10001240	1
10001249	1
10001255	1
10001261	1
10001276	1
1000128	1
10001282	1
10001297	1
10001300	1
10001309	1
10001315	1
10001321	1
10001336	1
1000134	34
10001342	1
10001357	1
10001363	1
10001378	3
10001384	1
10001390	1
10001399	1
1000140	9
10001402	1
10001417	1
10001423	1
10001438	2
10001444	2
10001450	2
10001459	1
10001465	1
10001471	1
10001486	1
1000149	2
10001492	1
10001504	1
10001510	1
10001519	1
10001525	1
10001531	1
10001546	1
1000155	1
10001552	1
10001567	1
10001573	1
10001588	1
10001594	2
10001606	1
1000161	24
10001612	1
10001627	1
10001633	1
10001648	1
10001654	1
10001660	1
10001669	1
10001675	1
10001681	1
10001696	1
10001708	1
10001714	1
10001720	1
10001729	1
10001735	1
10001741	1
10001756	1
1000176	1
10001762	1
10001777	1
10001783	1
10001798	1
10001801	1
10001816	1
1000182	9
10001822	1
10001837	2
10001843	1
10001858	2
10001864	1
10001870	1
10001879	1
10001885	1
10001891	1
100019	2
10001903	1
10001918	1
10001924	1
10001930	2
10001939	1
10001945	1
10001951	1
10001966	1
10001972	1
10001987	1
10001993	1
10002	3
1000200	2
10002002	1
10002017	1
10002023	1
10002038	1
10002044	1
10002050	1
10002059	2
10002065	1
10002071	1
10002086	1
1000209	10
10002092	1
10002104	1
10002110	1
10002119	1
10002125	1
10002131	1
10002146	1
1000215	1
10002152	1
10002167	2
10002173	1
10002188	1
10002194	3
10002206	1
1000221	22
10002212	1
10002227	1
10002233	2
10002248	1
10002254	3
10002260	2
10002269	1
10002275	1
10002281	1
10002296	1
10002308	1
10002314	1
10002320	3
10002329	1
10002335	1
10002341	1
10002356	1
1000236	13
10002362	1
10002377	3
10002383	1
10002398	1
10002401	2
10002416	1
1000242	4
10002422	6
10002437	2
10002443	1
10002458	1
10002464	1
10002470	1
10002479	2
10002485	2
10002491	1
100025	11
10002503	1
10002518	1
10002524	1
10002530	1
10002539	1
10002545	1
10002551	1
10002566	1
1000257	8
10002572	1
10002587	1
10002593	1
10002605	1
10002611	1
10002626	2
1000263	33
10002632	3
10002647	1
10002653	1
10002668	1
10002674	1
10002680	1
10002689	1
10002695	1
10002707	2
10002713	1
10002728	1
10002734	1
10002740	2
10002749	1
10002755	1
10002761	4
10002776	2
1000278	6
10002782	1
10002797	1
10002800	1
10002809	3
10002815	1
10002821	1
10002836	2
1000284	12
10002842	2
10002857	2
10002863	1
10002878	2
10002884	2
10002890	2
10002899	2
1000290	4
10002902	2
10002917	3
10002923	1
10002938	1
10002944	1
10002950	1
10002959	1
10002965	1
10002971	1
10002986	1
1000299	53
10002992	1
10003001	1
10003016	1
10003022	1
10003037	1
10003043	1
10003058	1
10003064	2
10003070	1
10003079	3
10003085	1
10003091	1
100031	15
10003103	1
10003118	3
10003124	1
10003130	1
10003139	1
10003145	1
10003151	1
10003166	1
1000317	18
10003172	1
10003187	1
10003193	2
10003205	1
10003211	1
10003226	1
1000323	30
10003232	2
10003247	1
10003253	1
10003268	1
10003274	1
10003280	1
10003289	1
10003295	1
10003307	1
10003313	1
10003328	1
10003334	1
10003340	1
10003349	1
10003355	1
10003361	1
10003376	1
1000338	1
10003382	1
10003397	1
10003400	1
10003409	1
10003415	1
10003436	1
10003442	1
10003457	2
10003463	1
10003478	1
10003484	1
10003490	1
10003499	1
1000350	1
10003502	1
10003517	1
10003523	1
10003538	1
10003544	1
10003550	1
10003559	1
10003565	1
10003571	1
10003586	1
1000359	1
10003592	1
10003604	1
10003610	1
10003619	1
10003625	1
10003631	1
10003646	1
1000365	1
10003652	1
10003667	1
10003673	1
10003688	1
10003694	1
10003706	1
1000371	3
10003712	1
10003727	1
10003733	1
10003748	1
10003754	1
10003760	1
10003769	1
10003775	1
10003781	1
10003796	1
10003808	5
10003814	1
10003820	1
10003829	1
10003835	1
10003841	1
10003856	1
1000386	36
10003862	1
10003877	1
10003883	1
10003898	1
10003901	2
10003916	1
1000392	6
10003922	1
10003937	1
10003943	1
10003958	2
10003964	1
10003970	1
10003979	1
10003985	1
10003991	1
10004000	1
10004009	1
10004015	1
10004021	1
10004036	1
1000404	1
10004042	1
10004057	1
10004063	1
10004078	1
10004084	1
10004090	1
10004099	1
1000410	7
10004102	1
10004117	1
10004123	1
10004138	1
10004144	1
10004150	1
10004159	1
10004165	1
10004171	2
10004186	1
10004192	1
10004204	1
10004210	1
10004219	1
10004225	1
10004231	1
10004246	1
10004252	1
10004267	2
10004273	1
10004288	1
10004294	1
10004306	1
1000431	13
10004312	1
10004327	1
10004333	1
10004348	1
10004354	1
10004360	1
10004369	1
10004375	1
10004381	1
10004396	1
10004408	1
10004414	1
10004420	1
10004429	1
10004435	1
10004441	1
10004456	1
1000446	1
10004462	1
10004477	1
10004483	1
10004498	1
10004501	1
10004516	1
1000452	1
10004522	1
10004537	1
10004543	1
10004558	1
10004564	3
10004570	1
10004579	1
10004585	1
10004591	1
100046	6
10004603	1
10004618	1
10004624	1
10004630	1
10004639	1
10004645	1
10004651	1
10004666	1
1000467	3
10004672	1
10004687	1
10004693	1
10004705	1
10004711	1
10004726	1
1000473	6
10004732	1
10004747	1
10004753	1
10004768	1
10004774	3
10004780	1
10004789	1
10004795	1
10004807	1
10004813	1
10004828	1
10004834	1
10004840	1
10004849	1
10004855	1
10004861	1
10004876	1
1000488	3
10004882	1
10004897	1
10004900	1
10004909	2
10004915	1
10004921	1
10004936	2
1000494	3
10004942	2
10004957	2
10004963	1
10004978	1
10004984	2
10004990	1
10004999	1
10005008	1
10005014	1
10005020	1
10005029	1
10005035	1
10005041	1
10005056	1
10005062	1
10005077	2
10005083	1
10005098	1
10005101	1
10005116	1
1000512	10
10005122	1
10005137	1
10005143	1
10005158	1
10005164	1
10005170	1
10005179	1
10005185	1
10005191	1
100052	6
10005203	1
10005218	1
10005224	1
10005230	1
10005239	2
10005245	1
10005251	2
10005266	1
1000527	3
10005272	1
10005287	1
10005293	1
10005305	1
10005311	2
10005326	2
1000533	2
10005332	1
10005347	3
10005353	3
10005368	2
10005374	5
10005380	1
10005389	1
10005395	1
10005407	1
10005413	2
10005428	2
10005434	1
10005440	3
10005449	1
10005455	3
10005461	4
10005476	1
10005482	1
10005497	1
10005500	1
10005509	2
10005515	4
10005521	2
10005536	1
1000554	6
10005542	1
10005557	2
10005563	2
10005578	1
10005584	2
10005590	1
10005599	1
1000560	12
10005602	1
10005617	1
10005623	1
10005638	1
10005644	1
10005650	1
10005659	8
10005665	1
10005671	1
10005686	3
1000569	3
10005692	1
10005704	1
10005710	1
10005719	1
10005725	1
10005731	1
10005746	1
1000575	2
10005752	1
10005767	1
10005773	1
10005788	1
10005794	1
10005806	1
1000581	10
10005812	1
10005827	1
10005833	1
10005848	1
10005854	1
10005860	1
10005869	1
10005875	1
10005881	2
10005896	1
10005908	1
10005914	1
10005920	1
10005929	1
10005935	2
10005941	2
10005956	1
1000596	20
10005962	1
10005977	1
10005983	1
10005998	1
10006007	5
10006013	1
10006028	1
10006034	1
10006040	2
10006049	1
10006055	1
10006061	1
10006076	1
1000608	2
10006082	1
10006097	1
10006100	1
10006109	2
10006115	1
10006121	1
10006136	1
1000614	1
10006142	1
10006157	1
10006163	1
10006178	1
10006184	2
10006190	1
10006199	1
1000620	3
10006202	1
10006217	2
10006223	1
10006238	1
10006244	1
10006250	1
10006259	1
10006265	1
10006271	1
10006286	1
1000629	1
10006292	1
10006304	1
10006310	1
10006319	1
10006325	1
10006331	1
10006346	2
1000635	1
10006352	1
10006367	1
10006373	1
10006388	1
10006394	1
10006406	1
1000641	13
10006412	2
10006427	1
10006433	1
10006448	1
10006454	2
10006460	1
10006469	2
10006475	2
10006481	1
10006496	1
10006508	1
10006514	1
10006520	1
10006529	1
10006535	1
10006541	1
10006556	3
1000656	35
10006562	1
10006577	2
10006583	1
10006598	1
10006601	1
10006616	1
1000662	5
10006622	1
10006637	1
10006643	1
10006658	1
10006664	1
10006670	1
10006679	1
10006685	1
10006691	1
100067	59
10006703	1
10006718	1
10006724	1
10006730	1
10006739	3
10006745	1
10006751	1
10006766	1
1000677	4
10006772	1
10006787	2
10006793	1
10006805	1
10006811	1
10006826	1
10006832	1
10006847	1
10006853	1
10006868	1
10006874	1
10006880	1
10006889	1
10006895	1
10006907	1
10006913	1
10006928	5
10006934	2
10006940	6
10006949	6
10006955	8
10006961	1
10006976	1
1000698	1
10006982	1
10006997	2
10007006	1
10007012	1
10007027	1
10007033	1
10007048	1
10007054	1
10007060	2
10007069	1
10007075	2
10007081	1
10007096	1
10007108	3
10007114	1
10007120	2
10007129	3
10007135	1
10007141	1
10007156	1
1000716	3
10007162	1
10007177	2
10007183	3
10007198	1
10007201	1
10007216	1
10007222	4
10007237	4
10007243	2
10007258	1
10007264	1
10007270	1
10007279	1
10007285	1
10007291	1
100073	104
10007303	1
10007318	1
10007324	1
10007330	1
10007339	1
10007345	1
10007351	1
10007366	2
1000737	3
10007372	2
10007387	1
10007393	1
10007405	1
10007411	1
10007426	1
1000743	2
10007432	1
10007447	1
10007453	1
10007468	2
10007474	1
10007480	1
10007489	1
10007495	1
10007507	1
10007513	1
10007528	1
10007534	1
10007540	1
10007549	4
10007555	1
10007561	1
10007576	2
1000758	3
10007582	1
10007597	1
10007600	1
10007609	2
10007615	1
10007621	2
10007636	2
10007642	1
10007657	1
10007663	1
10007678	1
10007684	1
10007690	1
10007699	1
1000770	1
10007702	1
10007717	1
10007723	1
10007738	1
10007744	3
10007750	2
10007759	1
10007765	1
10007771	2
10007786	1
1000779	4
10007792	1
10007804	1
10007810	1
10007819	2
10007825	1
10007831	1
10007846	1
1000785	25
10007852	2
10007867	1
10007873	1
10007888	1
10007894	4
10007906	1
1000791	33
10007912	2
10007927	1
10007933	1
10007948	1
10007954	7
10007960	1
10007969	1
10007975	1
10007981	1
10007996	1
10008005	1
10008011	2
10008026	1
1000803	9
10008032	1
10008047	1
10008053	1
10008068	1
10008074	1
10008080	1
10008089	1
10008095	1
10008107	1
10008113	2
10008128	2
10008134	1
10008140	1
10008149	4
10008155	1
10008161	2
10008176	1
10008182	1
10008197	1
10008200	2
10008209	1
10008215	3
10008221	2
